7450
7025
8595
440
5361
2469
9464
4875
6553
1327
4702
9206
5309
5509
5189
8983
3566
6552
5750
8644
5500
353
2944
4035
4897
8613
8918
6451
456
4859
150
9815
3961
7885
2114
8836
8757
984
7947
6962
3861
1104
4889
4421
3523
5850
3755
7692
3437
9589
4717
982
3659
458
4248
6017
3630
2666
4798
47
4770
710
4969
4360
5543
6496
985
579
4879
1279
7264
3719
2134
8268
8580
4886
4482
3220
8403
889
4351
7883
2397
9172
9363
5670
1299
4625
9036
7557
9028
3372
8472
4605
7458
5888
1706
3467
798
1612
8740
1892
5870
356
4679
8656
5982
5098
220
3733
146
9858
5041
5412
8868
8965
1286
3624
8090
7564
3174
2196
8828
121
8254
4510
3370
5021
805
1568
4789
9970
7270
1824
1703
7436
123
2888
9860
6602
3011
1407
4906
7548
6869
5814
6179
9986
4427
6123
1677
3386
1935
6683
6322
9459
1490
6340
7468
4838
6487
8013
3434
1117
227
5510
6082
5454
4295
9468
1228
1449
856
5907
9577
9392
8160
5627
437
2191
1453
6243
7115
3605
4207
5401
8756
404
7407
6098
8084
8806
7296
3910
589
693
1879
2126
568
2088
5901
2867
5725
6138
9225
9829
7658
9340
6405
2124
1369
5101
2179
7664
2962
4383
9546
9956
7037
3921
2926
8992
5032
2821
7833
2616
2565
9651
6141
9327
3998
2492
3800
8045
2401
12
3111
6524
1511
6775
5837
4107
3896
5553
9521
7092
986
4474
187
3427
5422
3903
8026
381
3200
1148
3900
1491
139
1705
6717
6722
105
7822
7358
5352
3379
5507
1095
6001
4402
5756
6306
7641
5150
6675
7163
5576
3137
1154
8655
7359
168
4598
6955
5073
42
3358
7127
5444
8266
3371
6909
647
7762
4406
5745
7256
9324
9406
5405
2701
9573
3327
1907
8462
2711
2234
5012
1378
9968
961
6852
4394
9501
5793
6303
5752
5208
4175
9988
4006
6633
3449
608
4884
2484
34
8583
8177
5216
1799
770
7624
361
3997
4912
5253
6445
9479
4319
1543
3669
9254
7842
5765
3746
3091
7502
9483
1850
685
1681
6966
7525
1988
7419
797
1825
6438
7221
7136
5132
1922
4433
132
5934
8394
1402
9680
3132
9364
6863
6834
7637
4097
3115
5593
3876
162
5392
2896
3081
4737
4801
4026
5877
5638
4428
2448
8324
8706
3967
1268
4848
9463
319
7233
5816
9118
5157
4293
7245
4966
513
3351
8296
757
9437
7294
2558
5589
3977
1036
4999
4532
4849
1979
1320
9331
981
3361
8623
2270
6619
9318
1128
1518
9741
476
4541
2340
1599
3354
1419
8009
2801
9138
4142
803
446
2857
5071
2443
4198
8576
1826
7853
6857
7906
7155
751
7158
2725
1430
4327
7588
570
5464
3281
3955
2449
4613
3473
5203
4400
1282
8333
5742
5356
4188
3411
2393
5003
2123
45
4647
3947
3170
2407
3976
9194
1980
9243
2288
2194
1847
9198
6465
3414
2844
898
1695
7775
4545
8699
5622
5472
4161
9480
1791
6239
3254
44
8864
4447
5936
7371
5560
1432
7321
3331
3842
9885
9304
8091
5482
2125
5862
6119
764
4324
4602
4899
5843
2685
5094
621
4714
3026
8769
6293
5547
1828
2222
5723
2963
3039
2239
157
9372
4382
5137
6042
4782
8943
3489
1670
3995
518
9477
6986
8679
3369
9896
8749
7901
4439
8417
9802
8424
6092
2673
923
2585
9934
2966
7935
481
4727
1516
9335
4013
3830
7021
6660
4608
6972
1465
2355
9278
9879
8643
9369
1194
9539
6594
6152
3464
4927
7151
8686
1319
795
4775
7172
3228
7750
3154
2331
8039
1101
3158
2873
7394
3017
2280
4792
4011
9353
7395
6234
8015
7182
882
2279
7073
7908
8959
5077
3044
6903
7760
9308
3661
3143
3696
1052
6493
2697
7044
6840
1714
744
6105
9397
1646
8225
966
1409
2490
7644
9130
3400
1230
3033
9676
9428
9125
2618
547
9163
5556
2206
6409
9946
9395
1393
3665
2687
8735
6615
7403
3982
6279
4342
5579
8646
9900
6599
6565
492
5267
837
3772
530
8605
5451
740
4401
7887
432
9817
6154
8359
3381
5820
9290
4993
5844
7185
5791
4039
3047
4803
4900
2369
6743
9117
9185
3438
4060
4056
3794
4225
8783
1406
4553
7731
5418
5606
9044
5800
5496
3246
2993
5043
2423
8791
6771
5841
153
61
1817
9983
7808
4230
5959
9486
7884
3913
1053
6193
3771
7986
6951
7839
533
9229
2480
2159
4346
1034
587
5664
907
8519
7797
4618
4354
7189
6897
7083
7343
7756
1742
7573
2047
3028
5555
689
3002
9257
5695
6935
7102
6821
4669
484
1508
6295
4929
536
3807
4481
6767
6914
6620
8982
4931
7234
9166
1363
6762
954
2363
1901
3845
4623
9046
3136
4274
3253
3259
4476
6735
3780
9393
6329
5912
7389
3815
602
4839
3536
4288
2100
8335
6049
4930
6684
7080
1408
3576
401
7283
6991
1061
5049
2588
5408
9056
2303
6804
5760
7527
6248
7972
9099
284
9292
6006
5785
164
8789
9228
9895
4485
1660
6641
1873
6836
7152
2301
8058
624
7378
2415
1274
2757
1033
1162
2412
3251
376
7730
9435
393
7406
6148
8122
3308
2491
1920
7529
8804
7251
5992
2403
2012
4612
3082
2562
2922
8244
5740
6280
1238
7028
9726
5298
6507
119
1834
501
8384
8036
1002
9778
9750
6765
4285
6145
6617
863
4304
2468
1592
4678
4182
1496
2032
7790
9902
4283
1775
3758
8126
4515
3475
60
3394
5628
9063
5546
3937
1838
6077
6182
6041
9834
7621
2639
8150
9436
9690
3313
2675
9963
9505
8226
2538
8448
7381
1469
1090
8832
4093
7983
2912
7996
9126
662
4939
1433
7780
7570
8658
8060
3498
8577
3063
9242
5055
3261
1325
7952
3185
6954
1540
5139
4665
7543
9550
8979
3646
1648
5979
8329
3239
6696
6730
9774
8958
1272
4945
7360
5511
2637
5925
1600
3129
2488
114
8484
3823
3366
4444
7148
6210
5317
9348
6162
8406
3116
243
7285
4871
8021
8486
7110
7478
2599
9570
1334
3507
5277
9863
3492
7693
5134
6982
5142
3456
6312
175
1271
590
4733
5587
3295
8364
4922
9625
576
3532
2370
580
9847
8376
8179
1688
9565
6332
5332
3636
8945
6648
1048
4168
4874
9785
3554
7006
3376
7929
5393
1149
7707
2668
4797
2816
8339
1109
9724
8636
4537
3258
4513
2612
2446
4942
6402
4668
9379
4524
511
5193
8194
487
8586
6221
8018
521
1651
645
650
9457
2690
7722
3199
7066
7120
9222
4181
7783
6950
4431
7157
6410
9177
2694
1821
1486
9432
707
5708
8195
5097
7514
6987
259
9843
69
4821
6442
8146
2646
3779
2087
4892
1551
4826
6188
6400
6269
2470
5637
1233
2285
2286
7934
9401
6558
8637
2333
3156
2050
1020
1918
9088
8012
8094
4221
9470
2235
2834
3869
9922
2862
6694
3808
9148
2830
6011
9024
2207
2155
8540
818
793
9190
5822
3250
2942
7719
9490
5023
6752
5283
9981
5577
5119
2507
5872
5842
6636
390
9345
9819
4633
1240
2514
7035
2589
7008
365
8410
6659
3537
6357
6328
3440
664
7423
9067
264
6614
674
934
2677
1094
1156
9674
1843
3404
2837
5624
5641
7791
6837
9447
1499
7122
3458
5006
4500
7194
9288
1151
610
7754
2651
9972
9314
3218
4465
3592
8512
4517
6845
9066
8203
9748
9919
3021
1398
6090
7725
7882
7090
4732
5342
1155
4138
7279
5703
2943
7038
661
3660
3656
3265
5378
8458
7905
3012
4856
538
996
7171
1929
1566
341
1206
2313
421
4768
9547
7418
9223
1643
515
6513
3671
1978
1771
1871
3291
924
1749
396
9873
7710
5794
8900
9377
8051
2872
8212
9329
6855
8315
2909
1664
3989
1057
1343
1763
7813
7803
5308
957
4349
8835
4846
5138
3107
7299
8886
839
5200
9285
655
4990
84
6531
9894
5294
806
8269
7214
5856
8025
9948
351
8473
7210
7546
7915
8167
7683
2574
9598
1904
7832
7290
1373
3604
3188
7602
3629
1619
9694
4387
262
8209
691
1051
3836
5061
89
766
5790
8483
7598
3483
3262
8630
3350
4426
8482
7761
5631
6802
2578
6638
2324
2893
1719
1972
9976
2273
3708
9180
2723
3796
6566
2240
4305
8182
3863
5235
3508
442
6685
6174
9122
4869
7594
375
4894
4171
6449
1277
1567
6012
8500
3117
897
1948
8120
3924
5649
322
6133
4753
2728
8471
7804
4673
1616
1629
6769
2977
8108
6072
7005
8115
1789
765
3396
7828
3340
1967
1752
5079
7788
2748
8910
3953
3422
1047
1359
7910
2820
8044
1302
3326
8697
4484
9307
6759
7134
3682
6492
1878
588
1136
6715
8138
6469
2388
3141
3004
3425
6913
2698
2245
2346
5540
3764
5501
1023
9585
9543
8238
5674
4975
37
721
1704
5602
5470
5682
1586
2886
6236
9537
6864
9641
7518
5167
6431
4619
3917
4155
2851
2532
7550
7377
1751
7007
8490
5161
7129
4943
8207
1150
2684
8588
2881
1099
7611
1144
5773
3367
857
2786
9656
6026
5538
5873
9284
9737
3177
4425
1070
1635
2274
8767
8776
1803
1173
4174
2385
4918
7190
6830
8869
8078
3569
3642
8716
743
1467
142
7612
4603
3445
8499
9722
5921
9735
6459
4823
6353
2868
5037
3610
5329
4898
6794
8185
6670
335
9884
9942
9719
8937
10
2718
8890
1489
6132
6272
4312
2807
6828
4033
6184
4834
2811
5739
2780
2840
9140
5448
1698
528
816
5375
330
305
3992
3846
8082
134
702
295
3943
4463
5427
9838
4067
2829
7774
6737
9462
4779
6259
4030
1216
4596
8774
3553
7425
8175
4385
3474
9121
9322
9093
4473
5787
9727
604
3751
3744
9444
3362
5350
7266
6543
2252
8320
6366
2106
8363
3727
5918
4974
9485
1787
7208
659
5903
2509
2416
8042
3662
5389
4019
3003
1872
3664
1092
6290
927
2421
1126
2121
6425
3908
8142
4560
1661
2555
2277
8947
7460
1585
9803
7844
4004
4736
4718
3601
6895
1183
8199
946
6171
3337
165
2917
9224
1017
9776
5747
9756
3280
6157
5757
3699
4940
6618
9930
7948
6988
3647
9173
2906
4773
9197
5429
6530
813
6307
1936
7678
3184
6884
8402
8871
7965
8780
1692
5818
763
4725
3546
7086
3622
4313
6963
3495
1831
4189
5502
9174
500
717
921
2797
7889
612
7985
2864
1884
9248
5879
8616
3892
6652
5859
9405
8011
2452
1261
9226
609
5949
10000
6829
6973
3745
2399
7794
4453
8555
1438
5070
2611
2551
1225
8981
2244
9714
2043
4872
6377
4226
8352
6365
1371
5990
3844
218
6020
2754
5141
5754
6928
8441
3415
7560
3539
9797
6936
3774
8073
972
4166
9997
1035
4391
6153
4133
9562
5413
564
8022
2216
7752
4711
2726
1022
3390
8319
6788
1159
5825
8522
7307
320
6254
1171
8930
2724
4835
1179
6081
7457
2020
1380
9962
7325
4620
3165
8696
5450
3974
5488
7535
3432
9761
326
6454
5632
9646
7250
2152
5174
8949
7281
4311
922
8919
8419
529
4087
3175
2691
4089
4928
4119
2156
722
2905
4270
1746
4653
5710
5336
9237
6778
516
2960
4893
7640
8543
1542
5282
8709
9878
9201
1740
6978
2775
1717
7003
7441
1414
3186
1243
3408
8438
9980
7992
3899
6779
3180
4224
7522
97
5962
2046
6104
1096
6331
8950
5987
8
5527
1498
2112
4959
2431
5898
5273
4661
7696
4814
7509
1426
7541
2773
4490
9305
2669
8365
4854
9282
111
6037
3164
1959
5672
7627
3963
6434
4412
5293
5244
1211
9042
8874
3183
4253
5812
7386
1926
9481
472
4022
171
2308
2135
616
9989
2070
2567
8560
3240
5374
9515
4150
3785
9134
5657
8008
9000
2343
1650
8100
4805
5604
6581
5753
6339
1974
5316
5417
5057
6180
1454
8689
1476
1295
9623
4206
9040
391
2803
3466
1257
2420
2353
5995
6734
9264
3797
4199
7041
5881
7462
8758
7714
6505
1259
6702
4446
9730
9704
1285
2215
9018
1300
3166
7135
3599
7128
161
3148
9751
2833
3690
2628
9496
7835
7145
3506
1604
4347
8223
8398
6080
4192
7033
9960
2061
8976
5152
6321
613
9315
7642
9283
3986
2323
7690
9240
8170
746
5762
6518
3817
3996
3932
9238
1141
2603
7911
5611
7297
8638
251
1534
5229
2108
3072
5311
5774
9973
8548
5767
4971
7317
8503
7029
928
113
1246
5463
8537
4255
3658
614
7918
7492
4557
9519
9683
9929
873
1313
6044
4279
1960
5370
9637
9807
5099
9442
3615
5331
7809
5715
6268
6378
1485
3981
9830
1267
5481
9618
5461
2029
7475
8647
1316
6252
4592
6074
5385
224
5779
4677
2526
3202
3134
451
6944
5215
1088
6130
9027
8079
9235
1401
3357
2372
298
5359
8725
1734
2076
5207
9874
6811
998
6624
5480
4017
8180
2752
7768
1021
1910
1989
9400
7939
6256
5364
2275
4127
6639
2073
829
784
2227
9261
2804
1572
8913
2204
8290
377
1217
6485
1951
605
7521
532
7944
4058
9083
4420
4837
8187
3793
8624
5515
172
4448
7246
507
235
3645
8652
7879
5542
1482
5976
5323
1281
5186
282
6885
2496
4745
4709
559
2968
801
1700
1550
9313
408
9658
8529
3442
5731
7052
2296
5067
4567
3994
3263
6786
9866
1942
8306
1283
6304
23
9638
790
9371
6131
9079
9867
7383
7267
7088
4508
4505
1354
864
9697
299
9703
7024
9152
9101
8680
200
244
1200
1459
7957
8449
7137
3112
7342
9632
3138
1615
8663
7755
3581
1219
4997
3080
5102
3410
6570
4049
1356
4755
1691
5614
258
4041
8231
4670
7904
4944
8857
4536
9449
1827
8325
3302
4791
388
8353
1782
6859
8241
3923
4012
9113
951
2619
900
6562
799
8517
3092
2485
5838
6886
2770
4470
730
1360
7700
7366
6980
1040
188
8771
6053
8852
1133
9648
7125
4637
3234
5326
2608
8929
5737
6242
2777
5980
5264
1199
6323
2447
6035
8954
4911
9073
3688
109
30
473
9002
8035
4390
350
915
7631
5650
4710
9277
5076
948
5999
8283
1865
5573
9443
6147
6441
4935
2741
7184
6969
3488
5698
8944
9403
988
7668
2229
9755
6003
2536
9940
3882
9171
4590
6625
3814
891
2260
4167
5702
8110
3561
4570
279
9511
174
6311
8391
7491
3317
3315
2859
5394
5508
1347
6699
1683
2002
1896
2586
4238
9124
2940
1665
9695
5890
582
4576
2483
8227
7045
895
4860
9664
4047
5977
5296
2679
2635
7422
6219
8181
5706
6
9420
1178
6645
3950
3644
217
2957
2059
6770
6506
5040
2925
4704
8729
1842
3478
995
2008
9702
7339
6815
2038
1848
8585
6549
29
1753
592
5455
7513
7528
5442
7623
641
546
4151
1930
8845
4249
3854
7117
5871
4172
1594
5349
4606
4487
7639
8255
9276
9376
9893
8067
9955
7634
1442
4503
9456
21
4715
3619
700
5353
1944
8610
3035
9251
5930
1520
7249
6803
6134
7174
4577
5865
4630
8751
8817
3589
9526
6536
2212
7698
4103
5847
758
3402
726
7254
9957
8446
9660
2064
3096
4479
9454
5154
1207
4923
1242
2230
8272
8347
5748
5247
991
2169
3336
2766
1770
7257
9069
4638
2262
3365
3860
7931
7921
4876
4375
5088
122
4350
9043
4514
6121
9297
5833
7916
4842
9455
4588
8312
3065
8627
8587
6879
5192
7265
3628
8343
2192
6538
4326
55
2572
6124
126
4827
3714
8692
7243
3278
4299
9507
4190
8753
270
8902
1888
209
230
9532
49
8350
6021
591
2949
3740
72
1830
4437
2297
8049
5845
8117
5497
112
7027
3398
3168
5568
2706
8516
3766
7924
7309
2141
1773
9204
2805
7455
3384
3417
7799
6589
1529
1270
1000
85
3851
6947
1138
6036
8193
6167
3859
4878
2700
8282
644
1227
5893
8155
6751
4114
6350
8459
9012
4947
7620
466
4688
2033
7467
8523
1939
7648
9503
7211
2946
4800
1010
5563
7084
8903
4059
9064
5479
6718
5379
5197
7448
848
5091
3673
2534
5199
3235
7845
4795
6791
1862
7414
6795
4135
2939
9568
4723
3695
4640
7327
154
2742
4845
3951
6452
297
6212
8148
9263
6458
3621
1961
2898
823
4214
7374
6495
4616
185
1078
7847
8777
2999
7160
237
8260
6674
4069
5437
5221
9352
5981
4703
5886
7991
4808
5874
32
495
6819
9051
5528
1425
4695
450
2987
5951
9160
4809
7357
965
2952
7537
7054
8097
6461
9914
9104
4125
5086
3632
7865
753
3352
6473
3229
266
997
1577
315
71
4982
6831
250
6423
7920
102
5270
1457
7031
4429
9267
8001
8322
181
343
7018
6318
9949
9575
5492
5920
13
5276
226
5827
5714
6231
9482
7154
1726
1038
8989
3201
814
8535
8551
7878
9514
3241
1744
4946
4358
9136
1966
7085
1221
520
3685
1189
1954
8010
5986
8682
1340
4136
4851
1674
5066
1590
1668
3790
6925
7466
7222
1728
9642
4341
5100
7308
5548
1881
3520
1652
908
3169
5474
4639
5635
6501
8807
8389
1260
5190
826
2715
8578
679
3843
6655
841
2760
552
8442
8210
968
4297
9545
6379
6904
8041
4774
512
940
9603
7579
7098
274
3395
6613
4980
2817
1115
2570
8134
6880
7001
8847
9783
166
947
3493
2882
3022
8065
8369
5534
8721
16
3209
971
7613
470
8850
498
1733
3248
8590
6917
9620
8392
7175
1798
6247
8019
8450
2144
9937
6177
7332
6760
4822
1188
4071
9744
9850
6391
6264
6383
7181
3833
6856
2371
9344
3461
9753
853
5902
2426
3181
8956
3732
1807
6220
6265
2979
9077
7253
9786
1869
1455
3191
2142
6823
4063
5107
4873
1355
8002
8942
2272
5218
8489
4262
8509
6576
413
7224
9931
5591
5952
8999
5697
8666
7186
2090
7583
1899
4784
8827
1713
949
9529
370
5536
158
6197
1284
4910
4466
3339
663
3050
2950
1114
2255
1573
7566
9935
5051
705
1690
415
845
6526
1143
2080
3704
9765
7840
9478
3768
9423
491
9092
752
631
5191
5484
2092
8946
6808
2116
8496
1403
9588
5487
1867
8361
372
8382
5782
6070
1909
1846
1441
6079
7474
2001
4141
8812
2644
2111
7057
1983
124
6213
2727
1324
2408
5724
4686
1170
190
1675
4434
8433
6776
7206
4494
5083
3826
464
6191
6043
5485
4389
4287
952
7062
5198
7432
6198
9607
7888
8205
6644
5246
8468
6462
6742
5813
5155
8714
5619
9712
9784
7937
5300
9808
4958
2041
2321
6444
2501
9156
4232
9686
8642
1822
623
697
4154
7274
1741
2099
5875
5280
3347
7059
2183
1916
5705
7499
1801
5381
6790
8897
1335
4624
332
7652
4957
2379
3716
9057
5958
6466
6241
4531
8183
7046
9669
2710
2394
6144
598
8831
2915
6305
1956
3737
1249
7903
7093
8787
3380
7087
2615
6008
6671
1931
5764
3142
128
2082
2740
6235
9144
1790
3707
4498
225
7524
6091
658
3631
7449
6345
7864
3549
1814
8990
2632
3203
1711
2892
5251
8917
5105
4628
5652
4239
3193
8896
831
5784
6522
5960
944
8163
8229
1784
2663
5839
7758
3290
2413
1121
6314
8849
3540
5775
8309
8748
2853
9359
3064
9952
8703
5075
2342
5106
9085
5206
345
9723
5376
9153
352
6732
7496
4778
956
767
7549
1927
7471
6453
3343
9831
3701
8594
7493
3687
9578
6806
4397
2503
4164
4926
9039
8599
3237
3595
5237
2011
427
6260
3547
8935
7723
600
7796
8838
6027
6300
7316
903
8076
1069
8158
7881
7367
8317
2686
7188
1636
7219
2860
2643
2223
3956
5225
4804
909
2645
3702
8690
6998
3637
953
620
7217
5465
5187
3397
5009
1451
3274
819
2885
3314
5778
9769
729
724
1081
4542
7826
3761
7741
6125
8385
9323
2031
7168
8408
5991
2992
5348
9188
9062
6403
6456
8524
9474
7060
6731
6937
8962
8505
4891
9011
1375
7183
2672
635
7405
727
6363
7412
1330
1613
1779
4070
5617
7081
4496
6612
5815
5569
8492
3006
2036
4984
601
349
6755
7248
6713
8123
2140
6218
8657
625
7861
1290
9682
4535
169
9215
807
3010
357
3504
5048
5658
1215
9851
5310
8395
8360
639
7295
3453
4960
1124
118
3709
6336
7050
6567
8093
8887
9214
3279
8842
8029
5700
2302
5194
3606
6209
6478
6892
3277
875
6521
8924
2542
4179
5355
6428
1317
7715
8139
83
7661
3071
524
7520
6030
7770
5629
7159
7416
8434
1452
6227
3392
3828
6546
5965
8237
7180
2427
9604
670
7706
1097
4806
9227
5017
192
2835
149
7408
4627
3342
1413
3423
2418
3864
3962
4106
2750
1815
7276
4036
828
1370
3827
9034
1045
9338
1995
6009
9636
2998
7239
8608
6433
7097
8759
8349
7764
648
6853
3801
454
840
3527
8284
8549
6766
6064
3765
5254
4825
2210
8196
9844
9639
1697
1252
6172
6047
3073
8858
9824
4222
3149
534
1976
8298
2317
4916
444
246
3324
4378
4244
2434
2380
9932
4266
8639
3964
9183
7517
6325
4853
3887
3223
7013
2568
1622
9357
7170
1595
1187
7735
5679
7816
4023
7355
1986
9001
2463
4149
3436
4662
5603
5551
2168
7237
9961
870
2300
4455
6584
1110
8738
789
6891
8985
1448
4611
7854
364
2678
8747
8420
7444
3795
1339
4740
1932
3448
8052
8070
8581
2276
6912
8579
5335
5634
9647
8262
8383
925
9182
7161
5521
7447
775
8722
7569
7685
177
4417
990
2178
854
7670
241
5966
3938
1218
9853
596
3597
1937
8906
6971
666
8892
8572
9244
5566
6774
4430
3872
8328
9147
183
5588
5400
2495
9091
6015
941
2066
4352
3930
8096
633
7695
8567
8246
7289
8144
8724
6382
248
3364
2312
7974
6476
3730
1738
5681
2596
333
1684
2217
8332
7781
8901
5110
5072
5222
2732
7923
537
3580
8570
6468
2325
9181
8077
130
2037
7960
4847
1137
3227
8565
1533
8823
9438
5345
1797
7747
4159
9211
3429
4626
5523
4086
8808
6024
3672
9269
1965
385
3933
3405
8816
6843
9484
6216
737
2806
4123
8101
9710
4100
2796
2512
6375
1682
9643
6271
8573
2537
1702
5035
9971
2702
8957
3565
6721
7779
5089
9610
6591
5848
6421
4708
2776
6564
8672
3255
1108
7810
9572
7459
304
3179
4050
2955
7195
2575
2265
3975
6149
6724
5068
3577
553
943
9705
3886
1509
8027
9301
7862
6844
7200
5516
4581
19
4933
8568
9418
7647
9762
3333
7745
8341
328
7510
5716
6419
7442
6054
5085
7859
6922
7946
7375
7712
9977
3948
5690
510
5978
6893
5036
311
555
2823
7858
8611
4690
9233
7999
1598
215
8375
9650
6927
96
6870
6225
1436
6367
6797
3284
6109
794
2128
5605
9361
7868
8204
7825
7240
8475
7863
7275
7409
6626
6166
9616
7526
1855
8622
7069
8089
8098
7226
5788
4882
931
4962
4055
714
6704
428
993
3591
1329
8230
405
3643
7019
1758
2052
657
6007
6911
8856
199
4780
4029
2802
201
6202
6115
905
7156
6798
3030
3173
9992
3832
5117
1667
5751
2655
7585
6693
7801
7047
8171
1532
1737
4254
9941
2745
3020
7539
7545
9139
849
1659
5863
5395
1781
4907
4185
136
5201
5226
6034
3718
929
1547
3784
4345
8059
5503
4121
4877
4566
5654
411
443
2095
4584
133
9033
1563
1145
2904
8815
3090
9701
479
9670
8327
6582
1707
9617
4516
11
8020
5499
747
9349
3767
531
5373
3260
3907
4622
3985
6158
7141
1502
2414
3895
4716
556
7114
1776
1894
9555
9849
8159
4045
5164
2101
3720
719
4786
8357
2703
1945
2437
6511
4932
9374
8308
4948
6016
7166
5404
2089
9848
1548
436
2475
4336
8534
9720
5887
4904
5704
8137
271
9157
8054
4451
4215
2117
4202
9733
3571
2713
1185
7282
86
2996
9557
5834
5008
8257
91
9594
1153
1399
9582
5597
6915
3108
1202
7429
5380
4386
5184
5321
9614
8208
8532
9119
8107
9150
5160
5029
8733
8103
2444
6498
5441
2146
7748
8527
3182
5789
5911
1694
8113
5419
8258
6878
3208
6782
9536
6784
9207
5678
2767
9687
6534
5436
877
5092
7662
4343
2180
8261
8782
9985
2751
1755
2997
8866
1949
7179
7554
4573
5539
9887
7792
6981
5557
6031
7914
7330
1309
7020
2513
1565
272
6975
1008
9050
4880
5179
1250
4587
7899
9230
3802
4072
9047
6069
1152
748
6111
3421
4094
2788
7067
4096
7106
8796
8862
4363
3623
26
9567
5025
1191
8447
3919
7497
496
7851
4
2984
709
6129
1447
1975
6643
4228
7503
160
7936
894
2118
4569
3373
6237
607
294
502
5210
4384
2439
4373
6381
2091
4731
6489
5223
5940
6919
4480
6471
1745
3323
6597
5567
6839
1591
5245
3840
9752
5148
4137
3799
8338
4034
2649
3835
6907
5817
6868
3486
40
6515
5131
1342
2877
6052
2051
4751
7656
673
6354
8303
1164
1928
9771
5279
1923
7595
6085
6799
2049
9440
6096
7411
6448
5230
4582
4108
9271
4585
9234
2623
4937
9773
8464
2548
6246
6846
3121
7978
3557
8206
9081
1560
4424
5564
862
4263
3075
5054
1353
9832
713
6083
2384
2071
4301
2933
3590
701
1006
945
3873
292
2202
504
3389
8784
5024
9740
7959
9794
8034
8366
5466
8649
6288
6005
4529
745
8046
2390
8916
5770
5819
2842
5607
3759
4120
2930
2838
5598
3754
8790
7708
9014
2364
6136
6606
6283
728
2411
3889
4698
9123
5653
780
5241
5963
1833
5476
2918
2935
595
9146
4018
1710
3131
4268
1172
2429
5027
7437
4229
7490
8951
9731
426
9595
4896
6196
6298
8116
5284
8128
5354
1015
9135
8242
316
6508
2375
6550
3562
3345
2075
3276
5876
2781
2213
5257
2188
2557
3001
4689
9407
629
7886
6228
8840
594
203
7209
2184
2843
9170
65
5772
5052
4538
2266
8898
7951
9161
2762
3159
5514
3588
5917
5967
3648
9796
9790
6572
9262
3252
7481
4972
7498
8566
3151
1276
1718
4917
307
4478
4913
768
4915
2291
6263
976
193
1007
4102
2779
9708
3479
2294
2299
1524
7304
39
5712
9004
3377
4657
7335
4442
281
9760
2461
8557
2396
5398
260
7950
7101
5171
6436
7301
4546
836
1273
1750
8491
8684
7757
2154
4475
9381
4205
3217
2034
804
4395
1264
5900
4528
4388
4604
1446
3224
8481
6835
4165
8518
3914
1760
8220
5292
5181
5074
1953
7657
5185
7927
8629
6408
2472
9373
6372
1808
2523
1196
1638
7451
1897
8131
6896
5275
9811
4333
739
9061
4292
8691
9540
6412
5045
6700
6470
9427
3931
3120
1539
33
2841
7617
9391
9877
9149
497
3603
7855
5908
5623
6741
3023
5719
7341
4361
7819
3103
5938
1142
9764
1404
3303
8620
2647
1985
3042
8528
738
3225
3756
3703
8677
842
9132
2988
2887
1627
8494
2958
6477
3040
8843
7866
5932
3847
9086
5047
6537
4196
549
7113
8428
1555
2500
6139
180
4139
772
1581
8215
9579
6192
6217
1708
1100
2583
5615
7603
2181
6150
5970
8805
2712
8967
3548
1513
8511
9196
3330
2755
7590
7759
2457
6745
7287
70
5170
4857
7559
4523
302
5478
5082
7103
2056
9068
6282
6525
4203
8037
1883
2720
8770
6691
5030
9770
8016
9706
6126
4987
792
4374
5709
2878
7933
4979
5904
4758
2243
1527
6960
1477
6108
1970
3051
8418
9471
4719
9396
7938
876
1437
2336
6908
5151
8080
6267
3076
25
2026
6646
5383
1919
1220
2662
3748
1522
2293
324
4684
2543
1118
3016
2911
9854
1198
7199
7439
6555
517
5302
6601
7998
8811
7749
5231
2544
9022
7164
9250
3731
4964
3385
2739
3819
2659
7802
6000
6051
3393
8453
9861
7413
9115
4452
8504
480
2549
6176
4488
6324
4722
4187
129
3008
7443
6985
1105
362
5685
4331
2187
2901
9421
6874
6632
8271
407
336
7078
9586
678
1428
2081
2525
2626
3878
6040
7258
3513
8705
3455
833
7581
1376
779
4810
847
3928
4130
8598
8521
2460
5343
4691
6657
6486
5166
1352
8400
5861
5304
9759
8525
4777
3991
2433
6800
9209
5090
4850
8166
2947
2316
7989
8397
8479
5001
9089
7091
5744
4099
6627
7873
378
4449
2267
7139
8732
7677
3729
3616
9725
7486
1672
7470
8764
6575
7846
1856
7962
9334
6103
1487
9195
5651
6658
1545
8799
6714
2149
5462
211
2528
6038
6224
3409
8977
1129
195
8727
8968
821
6899
2671
9925
6586
785
4357
9936
1628
7300
7220
186
73
1820
8711
5209
8561
8047
9404
4418
561
66
4654
6603
2819
1607
6976
6749
4241
7553
6763
2171
9911
7973
4644
8606
1203
2587
7785
9987
3813
932
6113
3852
2182
2794
867
6137
581
3095
8302
1671
3978
7461
8151
1083
9522
6723
1743
5582
8792
2982
8064
9768
6355
2290
8723
9596
7689
2065
5669
3062
8681
4462
6958
9473
5928
1997
1623
409
156
8497
208
7994
2341
1310
6792
8994
2695
6832
9513
2432
9584
8121
6817
9378
219
1947
8291
3119
543
1212
6600
3905
5447
8614
6315
8861
5796
184
24
4213
8228
6075
8423
1158
7232
9220
6532
6497
7218
1759
6114
959
2131
8249
5544
9552
2350
4436
7193
6395
4258
535
6039
4794
4010
7428
6348
7636
6214
2027
4735
489
1556
6894
5314
6411
8074
2928
8785
8742
8380
5183
9189
7925
2357
5798
3306
8161
46
5513
4818
4836
8704
2875
5880
8914
8295
9365
6276
5046
7487
2311
5263
7318
760
5896
3909
4083
6611
540
9663
7511
5140
2221
8178
7385
8550
778
2631
4833
545
9943
788
1
9408
5610
3046
5344
2682
1906
2332
5531
1575
7230
7673
8936
8342
8275
5236
963
1044
7798
467
3043
3582
7663
9258
723
6768
5535
4921
8665
3920
5996
8973
28
8358
571
98
692
2604
9716
8264
4074
460
9221
406
4116
2386
8794
2494
6205
9205
5159
7968
1669
3018
2850
2307
2084
41
3983
2535
1657
4240
9912
3391
9016
2839
1655
2105
773
2164
8488
265
9928
1032
2044
1731
7197
7039
1462
6705
6284
4953
8708
2205
6933
6781
2352
3150
8501
7632
8754
9218
2281
3841
5692
3806
3891
6568
9203
2667
3574
6418
7941
4076
5964
213
2539
1161
1526
9782
9531
9792
9745
4862
4580
7058
20
9692
4191
6672
1026
1011
191
2251
2822
9497
3728
8713
2405
8136
455
5701
8822
8978
62
8401
4796
92
1895
3268
7272
8373
3503
5935
4111
2198
6386
5586
643
7410
1617
99
1541
7010
6634
3491
1367
5
8476
1685
2419
1175
6679
8779
3634
2175
2932
1736
7331
6841
2704
3316
3133
2078
5399
7870
3041
9611
4291
2747
3294
5736
8693
7280
5984
8768
5062
3980
6277
7417
3705
2871
3118
5646
1278
8495
5266
167
3249
8755
5285
358
3484
4061
9926
7776
373
50
3781
2836
1091
2040
6578
9974
5906
8498
4729
9094
7995
2941
9219
1119
9184
179
4671
7751
6992
5823
942
8390
3528
3870
5830
2625
9158
2529
4066
4815
465
5011
8542
3596
8095
212
5288
4231
6467
1235
1245
223
1905
6957
1768
3715
1870
5498
9779
4468
6736
2330
4016
9009
2924
3786
6215
7351
4078
4599
2910
2630
7421
8003
2271
7949
5188
9542
6677
7633
2242
1248
9326
1723
8055
9624
3297
8746
8200
1312
3970
1952
4472
7427
2945
6642
9325
3531
6101
911
8168
2264
8141
1996
4908
9105
7589
9628
9388
2782
8176
6351
4145
9052
4499
5735
9569
7353
445
5541
2880
3579
6605
3542
6413
6056
1472
7772
8820
4903
7063
3045
329
1338
2356
9030
2298
2197
56
339
2648
6847
3413
7606
5997
8964
3898
4483
3387
6127
4381
4322
3741
892
6334
6850
8414
3550
855
163
8285
5034
2016
3029
8415
7767
6474
278
9890
8425
4601
9142
1998
8941
4046
8923
7744
3207
4256
1190
3821
257
2790
7094
8132
3059
331
7322
6663
6337
9367
8971
3144
6308
5440
6376
3641
3530
6483
6587
5683
3468
3494
5386
4079
7105
5866
9644
6812
3267
3068
9191
824
7976
7446
5749
4158
4551
1463
8409
2478
3273
3243
6309
2351
9450
2067
2978
1306
5093
7721
8650
4186
6727
5696
4734
9828
7523
1640
2688
1609
3942
7452
7805
5642
1450
3019
3288
735
2607
6858
2733
5338
6427
2902
917
4565
9169
1580
238
4955
2825
7538
3056
4739
1336
3516
4748
7604
4320
6551
8761
8105
1111
7048
7485
9082
6756
3952
2435
5269
4521
6527
8851
7900
7894
4682
6122
5372
1365
1589
7592
8881
1424
8915
2456
9685
7068
2025
4764
1977
448
1180
9328
6650
5730
3783
4441
7100
9563
9729
656
852
8267
7177
1014
872
3000
8367
8310
6956
939
4609
2425
1298
1089
6464
2102
4396
3307
2005
9822
1840
1914
1361
4073
5806
3312
5660
3608
8720
2315
8188
8466
5004
7635
4595
6596
9504
4527
667
5118
3113
159
1569
4251
1584
1715
4005
2055
74
3403
4307
3270
3598
4579
7869
5365
9165
755
8853
2664
1512
2310
5469
6128
8457
9605
108
4610
8993
1003
1456
5042
4675
7954
2769
9516
2129
9742
3712
7089
9548
6777
439
8240
2771
9998
318
2923
8894
926
3787
4607
2584
4568
6399
3679
7064
4548
2961
5320
1066
652
4766
1680
6143
4650
3399
9645
8153
8017
9035
2985
3810
640
9688
2306
2392
64
482
6974
438
4763
7504
6748
1397
750
7561
3214
6964
3162
999
5526
9524
5525
9953
8939
3522
5504
3233
9355
6900
7147
6926
3269
7599
7694
958
1315
9984
8235
3501
9472
6389
4410
2519
1328
8135
6374
3633
8970
268
419
2610
8834
1412
3584
3698
5931
5558
6924
1579
9763
1571
7204
7726
6710
628
4674
557
9899
2527
3289
6327
8541
1521
4852
3510
7956
8066
868
6818
5114
7834
1019
4339
687
8493
9295
8664
8461
367
2318
7345
416
989
9864
499
1554
8589
1460
8669
2150
6780
9859
2127
4370
7508
6028
1984
5182
5957
4783
2676
2086
6346
562
7653
5728
3568
5580
759
4759
1885
3013
1074
7892
4973
8875
2913
4359
3857
4552
9827
5224
8628
7572
8882
6539
3525
6890
4712
9007
3140
8818
5290
9600
6320
5776
6739
9809
5680
5665
3538
4965
8443
4219
6583
9780
4372
6025
3014
5998
2185
9749
9268
8374
9775
5033
7930
2349
6208
1395
2479
3296
6093
9772
3639
9905
2172
2398
5755
6877
5565
2633
7515
5643
7479
2876
3079
8248
3114
7167
8381
2520
5031
106
525
7556
5909
6232
756
5265
5351
5780
9291
355
6728
6100
3990
3383
9621
8337
371
110
8294
2716
3890
2884
4366
5475
6326
3477
4153
9434
7061
7666
4180
5153
3514
1236
8124
3559
2764
5803
7372
5811
3216
3104
8245
4489
978
9527
9366
5570
5578
5358
9332
8251
6045
88
9590
4438
859
5313
9635
3915
832
8232
3431
453
3906
8355
9657
2929
8469
2592
1112
5016
2137
2629
1576
4009
2956
5858
1874
1915
5968
9886
485
9159
2613
2653
5005
3084
8625
2826
4163
31
6422
3444
8480
4954
1777
7568
1639
2422
4525
3212
7605
1606
148
7284
7401
575
9141
9923
2062
7665
9041
1495
2934
9005
6061
883
1181
5671
9707
1538
2093
5396
4615
5684
1085
7586
5382
9939
3769
4855
6866
3877
1177
9232
2852
1127
9476
1025
7489
7036
9734
8393
4212
2236
403
5661
9954
2054
8368
6110
8660
4936
3190
2846
6544
6854
4629
6073
6094
3123
2953
4216
8239
5127
3457
8730
1293
6189
4124
4380
53
8607
4840
7303
8404
8877
2404
6287
9293
6499
9544
1470
1858
6793
7898
1663
2601
8893
4645
6653
1266
4217
4264
8202
2597
4502
4328
6319
8687
1933
1593
8912
76
8904
9192
9375
3198
3360
7584
6186
1861
8670
4355
5571
9881
2167
1955
5388
9678
8253
2692
2849
3089
1666
9871
6556
7820
4152
3101
5278
2147
5217
1385
8130
7017
9938
137
9072
9289
4705
8274
6503
2138
888
4318
7043
360
7380
7111
5493
9008
1963
565
4961
2891
9747
5885
8617
8883
1197
7912
8252
216
8099
617
6457
2738
398
1769
6255
4330
8156
4001
4284
8211
8966
3304
2039
1835
6688
2969
9766
9502
5944
551
6185
6270
1063
7558
5694
4754
9619
1303
6889
2863
5721
4162
5835
3176
9346
7645
2734
9649
5805
9857
434
2620
9640
424
4020
6939
7453
4403
6664
9458
6390
2022
4793
8547
8773
505
308
9533
8931
7400
2783
6029
3711
173
6940
9541
2115
1265
4278
2508
7399
1237
383
2903
6738
1458
9023
3916
9523
3822
1071
3210
7655
5663
4302
5281
2241
2261
9995
5599
2145
1720
9199
9947
1060
8454
2200
4109
8991
6983
344
5015
6708
1182
9889
9581
1689
8014
6559
2003
8062
1012
1570
2965
9913
3749
9247
6961
567
5688
8671
5135
7261
9055
5443
5729
9410
4277
1079
1075
1525
2057
4234
6393
9556
1210
6394
3521
8899
9865
2292
4296
3946
4316
2053
6882
5411
8004
2133
1958
558
2986
1296
1722
5291
8287
4014
1418
2785
6199
4173
7430
4208
7398
8984
8731
3283
449
8752
6898
4676
8986
6455
196
4813
3791
9058
8356
8372
7649
787
4415
8911
8878
8318
2815
4632
8575
8538
7857
8975
254
1588
2665
2395
683
101
811
8197
4558
1530
1544
5734
3031
2696
1903
7169
9475
2658
1946
3710
2971
1642
6690
6698
8427
5972
2373
7138
7977
6676
7435
6849
5410
6430
9798
6164
3560
637
2792
8955
1481
8286
5002
5799
4146
668
9693
4589
471
1868
4325
7926
9951
2238
4236
7555
1912
2976
1244
2617
7720
4110
417
7534
503
6807
3678
3236
3346
8564
9394
9738
4335
969
7610
8056
3502
469
4062
2624
5297
7056
8311
1009
3652
6746
5691
586
1578
7434
3534
4409
9451
7536
7727
6876
9713
3311
4227
4495
263
7990
2556
4949
369
1018
6359
1204
2130
8288
205
2410
414
4445
4996
1383
3862
1882
3607
3454
1796
6281
9580
1381
8802
5000
593
619
3611
5849
680
5937
4272
4863
6317
1962
7812
9389
2143
7463
7600
7688
1506
8715
2600
4194
5916
5677
3401
1107
87
5346
2096
2063
6579
7288
7126
8938
2855
1546
9236
8413
1431
6067
1802
4077
7697
6686
4432
9868
5537
7676
9964
5759
176
3007
3739
7587
782
6630
4752
1857
5662
7146
5625
7961
1795
5489
918
2689
2148
1778
8109
7131
7593
3077
9441
4126
3625
4021
8676
4749
5362
5065
6032
4757
4519
920
6787
8974
935
8463
1440
4269
7582
2569
1443
1810
1013
4252
7830
9025
6296
9892
3868
2309
4271
5490
626
3512
4176
4068
120
1054
9736
4887
885
7476
9904
6681
1113
3585
6528
6361
2045
5295
2681
5676
7643
6226
8214
1120
6089
4044
3338
2103
1633
9679
9812
1493
8236
5318
5973
8478
8301
5795
3651
3094
1549
1391
2768
80
1041
2547
4756
3965
4332
18
2784
242
669
8023
1917
7391
7875
2269
8280
5069
2263
9116
5720
3048
4902
6160
7364
1811
9433
5636
2654
2436
221
3320
8554
3973
3773
8953
3818
9419
3110
5561
2552
395
309
8430
1610
6750
6545
4143
3187
9010
6407
2304
6373
2889
5202
9591
4776
3788
3078
8546
9512
51
6725
9615
8825
880
651
4919
233
4772
1730
8765
1505
7242
3839
9841
3778
6621
5421
7431
4242
2360
1005
5851
477
2708
5522
634
3959
6440
2406
3310
869
3940
3573
1537
630
6923
3849
9200
5452
135
374
8762
4460
519
8766
9818
2581
5781
8106
5018
708
514
1971
4556
4057
7348
7547
1434
5686
399
1701
7742
1168
1415
3776
5939
7370
2621
7940
6447
1464
893
7075
6313
9528
7765
7716
9965
8980
8460
960
8006
3681
7928
3368
6662
7709
1396
6514
463
1765
3543
3335
6826
1321
7596
4530
310
8736
8531
8326
6560
7659
8813
2119
6540
6533
9921
9029
7895
6175
7123
1519
9178
2810
4105
7132
2339
2058
289
8909
9045
4245
494
2502
1379
8143
9560
5494
6046
8626
4721
8502
402
1859
1262
8243
1098
2334
4664
4575
2476
2640
9259
4497
4092
418
962
5853
3752
3693
8083
9074
1890
8432
6048
1341
3128
7512
4493
3934
3037
8321
9439
2518
3541
9897
6178
577
3804
6181
6783
1913
1735
835
1086
8348
3944
474
2254
5341
3855
6871
3382
8743
107
8031
2550
9466
182
5613
1503
475
2211
8563
2042
7679
9888
9422
9017
4491
686
3666
2670
6945
7711
5050
425
597
8553
9975
1439
7874
1973
3936
8927
7800
3657
2553
5367
1287
9520
901
275
5983
838
6330
4098
1712
8569
2959
1492
5426
1390
7782
9253
9370
3097
796
236
1849
3435
4883
3211
8081
6302
3519
4978
7302
4812
5243
4769
6168
6278
7629
8685
732
7671
1102
3329
4747
1366
94
4247
1836
7618
5028
5303
2758
5248
7315
1761
7567
6258
4699
1823
5713
2278
7016
8960
3879
4281
1349
2481
4594
1027
6200
3893
194
8265
8848
6995
884
5252
5058
9103
8129
8071
4399
7565
3470
8165
6416
3777
718
5347
7352
2335
8726
8603
1900
7777
2931
9499
8379
4707
8396
8855
9120
9360
2593
3189
2737
1445
2072
9193
4701
3912
1864
5178
5575
2493
2214
9696
9906
5315
6996
781
3205
4257
2367
9430
830
4317
9095
1483
1345
9554
5854
8694
8140
3820
3447
2919
5301
6754
5797
5020
1368
2400
1644
7909
9266
3282
6190
9312
684
8088
1417
5718
4364
5687
4968
6463
2812
7255
3798
9787
1564
5195
9128
695
878
3349
9452
151
6062
3005
5306
4308
1130
9806
7827
3197
2627
8030
1938
8429
6059
4501
4600
8700
4672
8344
8440
4147
7040
1135
2914
4286
8316
6997
1314
8793
9494
9958
2533
6984
560
3139
5287
7228
6223
7484
7501
4950
7362
4544
7305
5271
1166
8304
1076
6266
4924
5826
6574
6240
6629
5423
3480
7477
4830
2442
5144
5163
5512
3374
8712
7329
2259
6299
4832
6273
9855
8007
3098
919
1829
103
1747
9793
6744
4663
6238
2326
5868
9825
8233
741
6712
5517
2382
5120
9910
2358
387
1601
433
9098
7022
4193
7932
2283
6590
2074
4144
1247
9343
35
8169
6058
7227
2474
7053
7971
6592
2368
2176
646
1226
6906
9627
6338
8717
420
3032
1042
5327
8378
8750
5639
1346
851
5122
8513
7607
6943
2284
5626
1794
866
9286
3722
3812
6666
8346
4687
2226
1614
4831
7149
4459
2799
6084
820
834
7876
5529
3700
4509
8032
2018
8456
6482
5158
1176
4157
638
7346
5468
9549
5895
8510
1116
8683
3441
6813
4994
4564
90
338
865
9508
827
4416
5924
8162
5059
3034
5910
6932
8127
8633
5545
5424
7609
4104
1072
7119
5621
5305
6816
9368
8969
7009
1055
9151
9551
585
2060
783
3286
2409
8559
1132
9597
8631
8259
7207
3925
3353
3694
2800
4985
6510
3825
317
3497
7387
2765
6203
3318
4597
389
850
5971
8781
5262
9096
2161
8530
5520
8698
6387
2195
2374
6810
2563
4260
2314
2598
8435
761
3083
7363
762
8102
7140
599
7483
2571
2220
2759
3578
5420
3416
5889
4925
68
2376
5486
9351
9133
2730
6102
9777
7065
5149
7997
7646
115
3093
6706
4802
8289
6023
4053
822
8173
3222
6910
1466
6097
2744
681
2464
7298
5409
1841
2015
3292
3462
2717
8421
3499
8556
7369
5232
9013
4655
9721
569
1030
8932
7616
4113
2305
3742
1488
8125
7015
3897
8340
9655
1716
6916
541
4866
5368
9534
2831
7675
9999
1812
6569
5483
9398
7818
5211
2157
4550
7577
8149
9337
9506
6953
5518
3433
4134
7082
9813
7575
9767
2546
8273
6291
1275
4310
3753
2199
285
7396
1004
6931
9990
7542
4443
435
2989
5078
1531
5397
2594
7373
2743
8086
6661
457
8571
6608
7963
7699
8057
5608
9966
2517
2122
7482
8988
5242
5824
5414
9593
48
9791
6301
5975
2948
6796
9256
2729
4290
3750
7778
6159
9805
2249
1068
9826
6577
8830
2458
6066
8952
3653
4275
1992
6520
9319
9414
1351
817
6396
8362
1478
9915
3723
1223
8645
4204
8797
8908
9445
3363
3556
429
8508
5829
8133
2938
6682
4353
412
8371
6201
2455
5640
9102
3066
9255
4967
2883
6989
9380
8300
544
9917
5926
6862
6316
9210
6623
6250
2328
4520
5130
8619
5668
4726
6667
4371
4183
2560
2451
2482
9691
4368
7445
703
9661
6356
6523
9321
6548
4681
7896
2954
8719
2010
825
4007
653
2970
7215
9498
8452
7252
1535
9246
7687
1964
777
4259
808
2013
1193
95
6719
5927
9672
4405
430
7533
6033
8867
5857
3635
5792
4440
4742
7684
8092
1686
7326
4562
6814
2327
6274
2225
239
6993
3153
4885
3871
138
2787
2951
9280
4829
1637
9872
912
6720
57
5377
2289
913
8648
7984
3057
3194
2068
286
9412
3301
5801
2473
4991
9239
2746
9969
3163
6352
4543
1625
9426
5081
253
5559
1255
671
9424
1165
1387
1887
7958
468
5204
9296
141
5899
3127
2471
8702
8536
6673
1898
8673
4156
5647
9795
4534
2505
3689
6253
5549
9491
5945
1037
4032
1080
7979
2591
4956
6598
4027
6358
2438
9399
6257
9270
7124
4052
9333
8593
5113
9689
7051
8451
8270
9048
7070
6851
6261
4037
9715
3838
9842
6488
1497
1860
1780
9746
8221
36
7953
2366
8336
9880
8934
3880
2224
1756
4659
7734
8604
696
4282
2890
9673
1739
4658
3526
293
6063
6294
6140
5894
5584
4554
6547
4404
3060
6156
7349
2174
4323
1201
574
3230
2511
6785
7705
6703
5707
899
5519
4844
3325
5227
3124
9631
5524
4788
3122
2177
7323
3697
4450
5495
7532
3811
7975
1921
2009
4132
2248
8292
3901
1423
8998
478
6439
78
3487
77
3231
1064
7291
327
5738
9416
3171
4744
3407
2699
22
2466
1754
1990
5771
964
9608
2602
1258
9106
6244
5914
228
4220
1174
7144
2605
6628
7615
8297
2916
7277
4738
2789
140
6789
3418
5112
2573
2983
6404
2377
7238
8411
52
9137
977
1687
1653
6362
3600
3430
937
8111
4090
1876
5289
1067
1323
6772
3738
7966
2203
2247
9339
6905
6446
9711
2791
4002
5943
6204
4713
9717
296
7942
4031
7004
2847
1783
3500
2136
4660
9758
2656
170
400
3677
3654
4572
4977
3469
6275
5111
7608
3196
3902
7438
7771
5330
5339
2453
6071
5860
5439
2714
7562
1062
7563
578
1429
9429
5600
3949
15
2510
6443
9654
2189
5699
5473
690
9299
7293
682
508
207
2991
769
3966
8487
4692
3954
8005
7654
6801
8190
5268
100
312
846
1435
8040
9788
3829
5807
2024
9387
8963
5583
6211
8772
1608
5087
3856
5258
1140
7660
8907
4706
8422
8612
6949
4820
8331
4583
2858
1510
6285
2798
5675
4816
1213
1461
7365
887
8279
1169
5175
636
2504
8675
4091
5467
5581
1696
3247
1058
7795
3509
7823
277
5941
1596
6494
291
1679
2208
2201
3009
5425
6872
8600
2354
8801
7505
3155
8412
1157
3638
3960
4314
1422
8068
155
2642
6490
4539
423
1561
6335
5445
9561
5126
5299
1305
3476
8219
5532
9530
2564
8250
2023
3419
1813
3816
1767
6292
6106
6979
8477
5168
7402
9019
6475
6107
7415
5946
950
3074
5143
7347
6563
3167
9186
7153
3789
2007
7049
1214
6233
731
1654
1950
5259
4881
6753
6343
1073
229
9231
5307
4571
3609
6678
214
975
1405
5340
6668
7314
5145
843
5416
5007
4300
7361
5655
9979
7571
4321
3298
3412
8741
1288
1028
6873
2634
2731
3675
4559
7116
8870
1819
3663
3775
2389
5324
3266
8445
7099
994
7336
7843
4148
2808
1384
3471
5783
1444
9903
572
1388
9612
4636
9127
9677
615
3375
688
6116
1981
9571
2083
1084
2348
7494
3782
5988
8678
5060
7591
4398
8891
7806
3244
4522
63
3884
1766
8000
7540
5013
4750
6654
6959
2098
3061
8778
4210
4065
9659
3221
694
9060
7967
7817
7393
6820
3105
5084
8574
1839
3904
9383
6665
276
5768
6517
6946
4986
2559
8263
2967
8926
6747
5810
9576
462
1893
2566
8621
6169
5552
3332
198
1059
4870
2190
6595
1134
2337
8829
2927
9316
6593
3452
902
1029
8085
5095
3496
9535
6426
486
6472
7786
8635
5882
9038
6888
9155
1184
5156
8028
1658
9075
2709
1678
1484
3451
290
6616
4080
7580
4951
3593
7269
1727
4408
27
7404
7055
9107
7212
1082
8256
4233
5334
8997
4492
4393
7893
7390
3757
1039
1294
3926
5491
5406
7480
8061
1280
7737
733
4992
8880
3533
1318
4454
1662
2515
1333
8839
1263
4648
3649
6604
4273
7848
6163
3831
2445
9217
2019
7860
7667
8786
1943
392
3058
9265
8213
1536
8674
5550
1195
4101
8662
4209
7831
3848
1307
9840
4641
3617
4115
8837
2579
3027
3426
7691
9087
3867
2973
6542
1392
301
9384
3344
2936
3424
2609
8218
5219
1224
992
9446
9080
734
1253
9493
6095
7382
2661
8775
3271
2454
6146
2347
8562
8641
2660
3460
8217
6417
3968
6245
5618
4195
117
9566
7356
7420
7506
7433
967
7713
711
8520
4267
3993
2994
1473
59
2329
522
7597
4280
618
5743
9944
4694
3680
9488
267
1818
7
8043
8948
5994
7095
3620
6805
8370
5666
9891
3341
9164
9945
273
6930
4088
4129
4890
4140
5456
7203
2674
5892
4064
7235
7943
6920
8668
3069
8087
9100
6151
1844
269
4392
7034
6060
334
1394
5897
8734
9037
2441
1308
261
4824
5220
4309
7178
3482
1515
955
5453
550
4250
1611
5274
5322
342
9300
5407
7669
2489
7829
4051
8386
8145
8444
9330
4003
5905
3152
9129
7814
3524
5828
4486
1131
930
7622
4578
9413
2077
1362
1229
3481
7388
4651
2870
3602
7456
4376
3359
9869
9698
1269
2231
9260
6262
2486
3319
5554
5612
7680
3594
2657
8788
5594
1721
6429
6118
4237
9347
4746
9143
5272
1656
300
6170
7424
3272
800
3529
8184
7032
3305
7012
8354
7014
6055
4989
9718
81
2173
6120
5969
5459
9916
6286
5761
7982
5387
7000
3544
4526
4223
5533
3988
5950
4054
3875
5026
7074
5176
8407
7507
3518
4356
3443
9821
3049
4743
5832
4540
8072
9448
3558
8201
1863
8330
2516
7011
8024
7244
8216
5667
5056
3837
1386
178
1528
9933
7993
7340
8038
2428
4635
7922
3420
2908
2854
4841
8996
1804
210
3511
5430
9006
987
3055
7107
3178
715
4995
3300
4334
5234
5212
8860
8277
9306
8928
5196
5124
2014
6999
5644
5366
5010
2721
5403
1514
5869
79
4667
7902
2650
7310
3025
6230
386
6019
1326
1024
3883
9213
2113
2362
5878
6480
9652
5506
2861
7198
5250
5080
8795
1602
5727
9583
2824
1994
7162
9728
9959
7319
359
2622
3545
5846
7133
6222
4461
3721
3858
973
6504
6827
3322
7626
5864
4413
2237
9558
8075
7328
3805
8895
8710
2160
5855
9350
2246
461
9281
3446
858
5601
5883
3036
1792
7216
8995
8436
526
4549
725
4591
4456
8405
4643
2391
4938
4471
1093
506
9114
8437
7674
2232
8545
8387
6977
2048
2522
7793
6938
4008
5325
82
2006
3100
9856
9743
1420
4218
7440
2320
6155
8515
2424
6117
8844
4696
1077
7852
6726
2683
8885
3450
6022
1875
9492
5022
2258
3245
488
9757
2462
9882
1046
3866
720
1866
2268
5328
3885
974
6450
6206
654
4787
7981
8889
7002
1301
886
8191
4423
5129
5104
2345
4170
3667
4765
8293
490
6369
2151
3505
7753
7376
4807
9109
1208
5596
4983
4337
9875
1837
8514
7368
7836
1854
6415
3575
1209
5693
1774
6952
1621
7201
603
7191
7196
8728
4294
5763
7969
4555
9467
1050
4593
6004
366
8879
5108
8276
2793
6867
4760
8905
5804
6941
5239
5786
125
8399
5391
7531
8174
4197
9241
204
5673
2085
7344
8597
7530
5363
1748
5123
1001
1845
6773
8334
9111
7465
7173
8859
675
8307
6680
6010
6561
2000
7891
3853
8688
7236
3684
1251
3099
7964
3824
5620
7397
6554
6610
2450
6341
8920
9908
2459
8601
3626
776
2430
4112
1410
7320
6397
1624
9252
2582
8192
6701
6401
8465
5180
7260
6086
8539
5993
9212
5689
3724
9996
3760
4730
8661
287
5446
6637
7701
368
4963
5438
5648
9924
6057
771
1725
8222
4025
2981
2614
9500
7728
4128
222
6824
7651
7338
3735
2897
1732
2338
1699
93
4868
5249
7619
6921
7118
1620
665
7143
3850
9311
1364
8653
677
321
9342
632
3552
6380
7773
9309
7811
9606
4477
2693
4118
8659
3957
9626
9208
8609
4211
2257
9801
8763
4344
2874
4315
7076
8305
9699
3321
1631
2576
3834
2545
9684
422
346
1800
2705
7384
1523
6195
6251
7108
4411
938
7292
4464
6695
6687
8596
1673
9599
7917
1186
9273
3683
3551
1254
3670
9574
8526
8873
7337
9179
9671
9810
5733
3038
1357
4329
3256
4586
4095
1475
6557
2652
2
4117
8584
8157
6519
3762
7454
2097
7919
9833
9417
4901
3219
8826
9898
1123
3192
980
6631
1709
4377
2079
523
860
9982
4422
1924
1400
2477
6651
7268
2287
8863
8198
4085
9310
9303
548
6965
4367
2166
3024
3958
6002
4828
3378
7877
5172
4762
6733
6076
2756
8112
563
5116
9967
3463
6948
1851
1785
6580
3691
1693
2487
4785
6929
4177
8278
256
7112
5923
3135
1122
8925
5585
8884
6183
7815
441
54
1234
5125
1304
6509
4038
4771
2387
4561
4909
9320
2895
2828
2219
1558
8654
6384
1911
1331
6887
8439
6968
2253
3054
7955
354
5261
4178
5769
6065
8314
2256
3984
4457
1618
7980
2921
8634
1999
3874
7638
6432
3517
8533
5948
1809
7030
672
3583
4084
4407
4728
131
4843
9629
6707
1494
9460
4379
4040
7042
6697
6087
9461
9835
3085
6635
8972
754
3564
7263
9354
7763
9275
6860
6479
2900
3640
5121
1501
1877
3130
6994
3052
8431
1160
3334
2879
8416
1605
5433
9675
6207
3655
5726
2153
1468
7472
1886
6161
280
9666
6901
8841
1968
542
1902
1645
9846
5929
2561
906
4246
9469
5064
7672
7334
7821
5954
2540
4235
1969
9054
306
1891
104
9298
2295
6435
127
1729
4697
3459
2030
4048
3157
3567
8745
9003
1583
5136
1231
6360
7837
9187
6437
5213
611
2541
8164
9287
2402
8426
9453
7192
8172
1427
1479
1757
9487
736
3285
7614
539
5063
1222
5947
5590
5103
9800
970
2980
1762
7913
6512
910
3106
7150
6709
4683
5457
6809
786
4160
9592
2228
7897
1517
2322
742
283
6881
4184
7488
9386
9609
6875
3388
6967
8470
2580
566
4122
9839
936
1374
6013
3356
6573
704
3053
483
6692
5256
7350
3803
9145
1043
4081
7703
9799
7165
7241
1641
6607
9876
7426
8961
7601
9272
7271
3736
234
3070
5530
8050
58
6838
1934
5165
9167
509
9154
6194
1337
2964
5562
1793
6588
9489
8455
7970
8744
4680
7026
3674
4642
583
3102
8582
1232
2467
5913
8760
8507
2638
7469
4265
3717
8118
9358
8718
2907
4298
9739
240
1350
5942
5228
2359
6249
7686
197
8739
5955
9390
6541
4720
6388
38
3213
3125
1982
4861
2163
7379
5014
9049
1647
8591
2498
4614
2139
2017
4895
5891
4024
9553
1348
9601
3613
4075
1500
5741
9978
9175
1163
4469
8299
4276
8281
8821
3706
712
8921
5019
6716
9216
2753
7104
2848
4303
6970
6761
6656
4693
1925
9108
8846
1941
5096
1297
3627
7273
9622
6165
303
5357
6918
4340
5592
5133
3734
380
8544
6848
5169
5255
2974
1940
1358
5369
5471
1389
7259
8865
9162
5974
3586
6571
5595
1552
5337
3172
1562
3572
3206
2763
6068
7576
2107
660
7262
5360
7787
206
2778
2680
2869
7187
3515
4888
6187
9870
9559
152
5333
8474
9732
7807
1049
890
2381
3979
916
2865
348
1634
3972
3792
874
9097
2719
3328
810
145
4243
4666
314
7121
6078
4819
9837
2378
6529
1480
861
8485
2530
2995
6861
699
7784
6609
2866
2104
9020
3555
325
252
6289
8234
6297
4649
1626
6050
379
3587
2856
8819
9909
8345
3147
452
5238
5233
2722
7109
1786
9564
5505
1957
7702
6585
9907
4998
7552
3929
554
2531
6689
5746
2736
2440
6649
3275
493
1816
698
3618
1582
871
7736
6865
7544
4981
9681
8552
3747
6500
2021
6370
9026
9382
6934
1031
7740
9883
1332
2707
1788
7500
3126
6990
3692
642
1852
5953
7867
3067
8592
4365
323
8558
7724
8651
6371
4458
3763
5173
3743
5989
2641
5852
255
6883
7333
3927
9662
6758
4617
4867
5435
6491
8814
1474
2344
4306
6822
202
3941
8701
5616
2606
1507
9836
815
7880
8667
3
5802
4511
3348
3204
6484
2250
5717
363
3725
4646
8809
9918
706
2497
9402
716
2818
8876
384
4261
5115
3238
5402
6392
4504
8824
5319
7077
8833
8854
1649
3865
5574
1889
9076
9356
7718
6014
9409
5286
4864
896
7628
9249
2813
9602
3232
1411
3881
9991
1504
249
9385
9538
3999
3935
2761
8154
983
5146
4533
5809
2937
75
7023
4976
844
447
8506
6460
6622
4000
1205
8618
9634
3490
1192
431
1146
2920
9653
7213
9065
3226
9789
7625
1632
8940
6420
3945
676
7987
2120
4201
8933
4028
6729
4652
6347
2282
3614
9317
7890
8888
2193
9804
6142
3485
2365
8872
7551
4799
8377
5961
9781
2165
4369
7202
1805
9336
6833
4338
9510
2814
622
6344
2749
4858
7739
7286
9112
9431
3109
9700
3160
3987
3086
8069
5371
7743
8104
4467
9994
5205
3465
5831
1289
5711
5609
6099
5109
7682
7945
9053
2162
9816
2899
9341
914
1574
7205
5722
9021
9032
4506
9084
2506
6740
6764
9302
337
5922
9362
7225
9517
1987
9754
979
9070
5458
7072
1016
7247
8114
5312
9814
573
1125
1630
1806
7392
3264
2636
189
3146
144
7738
3570
802
5384
7849
4512
1557
3145
1597
7630
4970
5432
1167
7681
2109
3088
4169
7729
5836
3809
9168
1991
2186
2894
2595
4631
116
6135
7789
17
7717
8640
7278
313
8810
2110
4082
1311
6711
7354
9274
3242
3428
7464
1103
9294
7850
5449
8063
7311
3676
5867
5434
6842
1832
9852
6535
3439
5777
7473
2069
7733
4920
4574
7838
8922
6112
7231
9176
6018
9665
4518
6398
4934
1416
9845
1256
8247
245
9950
3969
4790
8987
1322
67
1676
904
8798
1065
232
6342
5633
4656
1880
410
2577
1724
5933
3287
3015
8707
1372
4015
6406
4200
4634
9927
606
4563
4362
9425
4507
8602
6364
9415
288
7574
3406
5572
6516
527
791
2735
1993
2319
5162
1291
231
2972
6310
5038
3911
4042
2524
1772
3726
5147
5985
3713
5039
5431
7071
2795
2094
9668
6414
8800
2233
5390
4952
2975
3355
1553
3922
3918
5884
8147
9495
3293
4348
5214
6368
1344
7871
5821
4131
1382
9245
7704
2499
4817
1087
7650
4941
6481
4621
3161
8737
7988
5919
749
4685
6902
1241
9862
5732
8224
2004
6942
1587
9920
5460
2361
459
5758
1377
5053
3309
7907
3472
8351
2465
4724
5808
7079
7312
7176
5766
6173
2521
3686
7306
5645
397
6385
7732
2845
8048
7516
7519
3668
9059
9820
1471
9110
3770
9613
881
147
5956
5659
5630
3087
2209
4767
4914
9633
4289
7578
3195
9411
5240
1764
1239
2132
4043
4988
8803
2158
2774
7872
3612
6424
9667
8313
5177
4761
4781
1908
4419
9078
2035
3299
9525
7746
3563
8033
9465
5260
7096
7229
3971
8053
3939
2990
5477
5915
8119
4435
2809
9518
3650
8152
6647
3215
4905
7766
6088
8615
1559
7223
2383
6502
1292
3257
9587
6757
8323
2832
6669
7313
9279
2417
9
9993
2590
9901
8388
4414
2554
1853
584
340
9509
8695
4700
812
6229
649
627
9202
5415
7324
7769
7824
347
5128
3888
7130
1603
43
6349
1056
14
6825
382
9823
8632
247
5840
3535
143
1421
394
7856
7142
9709
8467
4547
2827
4865
809
2170
1139
774
2028
9131
5428
7495
9015
1147
9031
7841
9090
4741
933
2772
4811
8189
8186
2218
1106
9630
5656
3894
6333
9071
6640
5044
879
