# Created by Octave 4.0.0, Sat Jul 20 23:05:17 2019 CST <luckybb@luckybb>
# name: S
# type: matrix
# rows: 207
# columns: 16
 0.1323529411764706 0.1739130434782609 0.25 0.3755868544600939 0.146551724137931 0.36 0.025 0.03666666666666667 0.04021772939346812 0.05835890955046037 0.03203639179248936 0.01452145214521452 0.01461794019933555 0 0 0.1148886283704572
 0.3529411764705883 0.3260869565217391 0.4166666666666667 0.7511737089201878 0.0146551724137931 0.36 0.03333333333333333 0.08 0.1126127527216174 0.171420834085575 0.1801522777132533 0.1089108910891089 0.106312292358804 0.05172413793103448 0.2380952380952381 0.1172332942555686
 0.25 0.2608695652173913 0.25 0.7746478873239436 0.04310344827586207 0.08 0.625 0.06666666666666667 0.1190357698289269 0.1490341216826142 0.02206736353077816 0.09900990099009901 0.0664451827242525 0.004310344827586207 0.09523809523809523 0.04689331770222743
 0.4264705882352941 0.2826086956521739 0.1666666666666667 0.4694835680751174 0.1896551724137931 0.72 0.1041666666666667 0.05333333333333334 0.1060653188180404 0.1548339050370103 0.08839850303264937 0.2805280528052805 0.26578073089701 0 0.4761904761904762 0.01172332942555686
 0.3970588235294117 0.2608695652173913 0.1666666666666667 0.1408450704225352 0.02586206896551724 0.22 0 0.09 0.2924727838258165 0.4243997111391948 0.1980900761388566 0.6947689768976898 0.6800664451827243 0 0.2380952380952381 0.1172332942555686
 0.25 0.1304347826086956 0.25 0.2464788732394366 0.02068965517241379 0.48 0.025 0.05666666666666666 0.1198133748055988 0.1738580971294457 0.08310749774164408 0.1019141914191419 0.03795681063122924 0.01293103448275862 0.1428571428571428 0.08440797186400938
 0.2058823529411765 0.2608695652173913 0.25 0.1056338028169014 0.1543103448275862 0.12 0.05 0.05 0.0601244167962675 0.0786017331648312 0.2288359788359788 0.07920792079207921 0.07308970099667775 0.06465517241379311 0 0.1148886283704572
 0.3235294117647059 0.4782608695652174 0.25 0.1525821596244132 0.02586206896551724 0.24 0.125 0.1166666666666667 0.3745412130637636 0.5434870915327676 0.1712801651826042 0.08514851485148515 0.08571428571428572 0.04310344827586207 0.1904761904761905 0.01172332942555686
 0.1764705882352941 0.1739130434782609 0.5833333333333334 0.1291079812206573 0.0103448275862069 0.24 0.02916666666666667 0.04 0.07124416796267496 0.1033805741108503 0.2311265969802555 0.3363861386138614 0.3352823920265781 0.03017241379310345 0.2380952380952381 0.01875732708089097
 0.1323529411764706 0.108695652173913 0.4166666666666667 0.2230046948356808 0.06379310344827586 0.46 0.04166666666666666 0.05333333333333334 0.126547433903577 0.1836297165553349 0.1377597109304426 0.1508085808580858 0.1422259136212625 0.01293103448275862 0.2380952380952381 0.03165298944900351
 0.1911764705882353 0.2391304347826087 0.3333333333333333 0.3333333333333333 0.09310344827586207 0.2 0.05 0.04 0.108258164852255 0.1570906300776314 0.3199445089688992 0.03382838283828383 0.0340531561461794 0.004310344827586207 0 0.0164126611957796
 0.2941176470588235 0.391304347826087 0.3333333333333333 0.3638497652582159 0.05689655172413793 0.32 0.04583333333333333 0.1033333333333333 0.1056454121306376 0.1526223144972016 0.1155310362627436 0.1419141914191419 0.1428571428571428 0.02586206896551724 0.04761904761904762 0.007033997655334115
 0.07352941176470588 0.108695652173913 0.1666666666666667 0.2042253521126761 0.02068965517241379 0.36 0.0375 0.03333333333333333 0.02660964230171073 0.03861256544502618 0.05000645244547684 0.165016501650165 0.1245847176079734 0 0.2380952380952381 0.02227432590855803
 0.1029411764705882 0.1521739130434783 0.4166666666666667 0.2230046948356808 0.02672413793103448 0.4 0.05 0 0.04477449455676517 0.06497111391948004 0.1029165053555297 0.1402640264026403 0.101328903654485 0 0.2380952380952381 0.007033997655334115
 0.1176470588235294 0.1521739130434783 0.3333333333333333 0.2629107981220657 0.3103448275862069 0.3 0.0125 0.1 0.04225505443234837 0.06131521935367395 0.02742289327655181 0.132013201320132 0.0664451827242525 0.03017241379310345 0.2380952380952381 0.007033997655334115
 0.1470588235294118 0.108695652173913 0.3333333333333333 0.1197183098591549 0.04827586206896552 0.24 0.04583333333333333 0 0.03780715396578538 0.05486098573749774 0.02142211898309459 0.1155115511551155 0 0.4741379310344828 0.04761904761904762 0.3376318874560375
 0.5294117647058824 0.3043478260869565 1 0.06807511737089202 0.02758620689655172 0.58 0.05 0.04666666666666667 0.1176205287713841 0.1706309803213577 0.6415343915343915 0.303960396039604 0.2242524916943522 0.04310344827586207 0.2380952380952381 0
 0.4558823529411765 0.5217391304347826 0.4166666666666667 0.9389671361502347 0.1344827586206896 0.14 0.01666666666666667 0.08 0.1602643856920684 0.2325555154359993 0.2217382888114595 0.0687953795379538 0.06925249169435216 0.01724137931034483 0.1428571428571428 0
 0.3088235294117647 0.2608695652173913 0.1666666666666667 0.2183098591549296 0.1 0.6 0.07083333333333333 0.08666666666666667 0.09360808709175739 0.135832280194981 0 0.2148514851485148 0 0.0603448275862069 1 0.6014067995310668
 0.1323529411764706 0.08695652173913043 0.08333333333333333 0.1643192488262911 0.0103448275862069 0.16 0.08333333333333333 0.02 0.02222395023328149 0.03224860083047482 0.6710543295909149 0.2722772277227723 0.02491694352159468 0.02586206896551724 0.1904761904761905 0.01172332942555686
 0.1176470588235294 0.08695652173913043 0.1666666666666667 0.1901408450704225 0.2672413793103448 0.1 0.0625 0.02666666666666667 0.02880248833592535 0.04179454775230186 0.006613756613756613 0.2392739273927393 0.2408637873754153 0.08620689655172414 0 0.02227432590855803
 0.2794117647058824 0.3695652173913043 0.08333333333333333 0.2347417840375587 0.2379310344827586 0.12 0.075 0.06333333333333334 0.05730948678071539 0.08316031774688572 0.06258872112530649 0.05775577557755775 0.03820598006644518 0.03448275862068965 0.2380952380952381 0.003516998827667058
 0.1470588235294118 0.1956521739130435 0.1666666666666667 0.1056338028169014 0.003448275862068965 0.1 0.0125 0.03666666666666667 0.03846034214618974 0.05580881025455858 0.03955349077300297 0.1613696369636964 0.1488039867109635 0.03448275862068965 0.2380952380952381 0.01758499413833529
 0.2058823529411765 0.2608695652173913 0.1666666666666667 0.6807511737089202 1 0.32 0.04166666666666666 0.2433333333333333 0.03752721617418352 0.05804296804477342 0.3617240934314105 0.6494224422442244 0.5601661129568106 0 0.2380952380952381 0.05861664712778429
 0.2352941176470588 0.1739130434782609 0.25 0.0352112676056338 0.003448275862068965 0.1 0.01666666666666667 0.01666666666666667 0.03342146189735614 0.04849702112294638 0.06997677119628339 0.066006600660066 0.05813953488372093 0.04310344827586207 0.2380952380952381 0.009378663540445486
 0.3088235294117647 0.2826086956521739 0.1666666666666667 0.3051643192488263 0.01206896551724138 1 0.075 0.03333333333333333 0.03234836702954899 0.0476846001083228 0.1157246096270487 0.04950495049504951 0.01993355481727575 0 0.2380952380952381 0.0164126611957796
 0.3970588235294117 0.4565217391304348 0.1666666666666667 0.2816901408450704 0.103448275862069 0.24 0.1666666666666667 0.06666666666666667 0.07821150855365475 0.1134907022928326 0.04739321202735837 0.33003300330033 0.2724252491694352 0 0.1428571428571428 0.02344665885111372
 0.05882352941176471 0.02173913043478261 0.1666666666666667 0.03755868544600939 0.008620689655172414 0.04 0.025 0.03333333333333333 0.004821150855365474 0.006995847625925257 0.0161311136920893 0.066006600660066 0.0664451827242525 0.04310344827586207 0 0.01758499413833529
 0.07352941176470588 0.108695652173913 0.1666666666666667 0.07042253521126761 0.01724137931034483 0.24 0.05 0.03333333333333333 0.006967340590979782 0.01011012818198231 0.003871467286101432 0.07590759075907591 0.07641196013289037 0.04310344827586207 0.1428571428571428 0.01406799531066823
 0.08823529411764706 0.1304347826086956 0.1666666666666667 0.3873239436619718 0.103448275862069 0.12 0.1458333333333333 0.04333333333333333 0.05208398133748056 0.06386531864957573 0.07578397212543554 0.03184818481848185 0.02710963455149502 0.02155172413793104 0.4761904761904762 0.02110199296600234
 0.1029411764705882 0.1521739130434783 0.6666666666666666 0.1408450704225352 0.02068965517241379 0.24 0.08749999999999999 0.07333333333333333 0.0543701399688958 0.07889510742011194 0.03355271647954575 0.08158415841584159 0.07880398671096346 0 0.1904761904761905 0.09378663540445487
 0 0 0 0 0 0 0 0 0 0 0 0 0 0 0 0
 0.3970588235294117 0.5217391304347826 0.75 0.6572769953051644 0.04137931034482759 0.48 0.08333333333333333 0.1666666666666667 0.1414618973561431 0.2052717096948908 0.1074654794166989 0.1242409240924092 0.1084551495016611 0.004310344827586207 0.1904761904761905 0.08792497069167643
 0.1029411764705882 0.1521739130434783 0.1666666666666667 0.06572769953051644 0.01120689655172414 0.26 0.06666666666666667 0.05333333333333334 0.0176049766718507 0.02500451345008124 0.03277842302232546 0.04455445544554455 0.04318936877076412 0.004310344827586207 0.8095238095238095 0.145369284876905
 0.1764705882352941 0.2608695652173913 0.9166666666666666 0.1525821596244132 0 0.3 0 0.05 0.06570762052877138 0.09534663296623939 0.1030455542650665 0.09900990099009901 0.08305647840531562 0.008620689655172414 0.04761904761904762 0.02110199296600234
 0.2058823529411765 0.3043478260869565 0.25 0.2816901408450704 0.02844827586206897 0.2 0.05 0.08333333333333333 0.05618973561430793 0.08153547571763857 0.04494128274616079 0.09305280528052805 0.09367109634551495 0.02155172413793104 0.2857142857142857 0.02344665885111372
 0.1911764705882353 0.2826086956521739 0.8333333333333334 0.7652582159624414 0.0103448275862069 0.16 0.1666666666666667 0.1666666666666667 1 0.09026900162484203 0.01042069944508969 0.33003300330033 0.3023255813953488 0 0.2380952380952381 0.1172332942555686
 0.3823529411764706 0.391304347826087 0 0.1643192488262911 0.02241379310344828 0.54 0.08333333333333333 0 0.1971384136858476 0.2860624661491244 0.1102077687443541 0.04950495049504951 0.04651162790697674 0.008620689655172414 0.2380952380952381 0.005861664712778429
 0.08823529411764706 0.1304347826086956 0.1666666666666667 0.5164319248826291 0.2586206896551724 0.6 0.08749999999999999 0.02 0.008864696734059098 0.01286333273153999 0.00322622273841786 0.08580858085808581 0.05729235880398671 0.04310344827586207 0.1904761904761905 0
 0.4117647058823529 0.391304347826087 0.5 0.8450704225352113 0.0103448275862069 0.32 0.075 0.1 0.1379626749611197 0.2071447914786062 0.3421409214092141 0.2145214521452145 0.2159468438538206 0.09913793103448276 0.5238095238095238 0.3892145369284877
 0.1764705882352941 0.08695652173913043 0.4166666666666667 0.2276995305164319 0.01206896551724138 1 0.2625 0.03666666666666667 0.08553654743390357 0.1737452608774147 0.02180926571170473 0.132013201320132 0.1312292358803987 0 0 0
 0.2058823529411765 0.3043478260869565 0.6666666666666666 1 0.03879310344827586 0.2 0.02083333333333333 0 0.06325038880248833 0.09178100740205813 0.1176926054974835 0.1254125412541254 0.1262458471760797 0 0 0
 1 1 0.3333333333333333 0.7746478873239436 0.2586206896551724 0.4 0.03333333333333333 0.1333333333333333 0.1699066874027994 0.2437940061382921 0.1088850174216028 0.165016501650165 0.1295681063122923 0.004310344827586207 0.3809523809523809 0.01758499413833529
 0.9705882352941176 0.8043478260869565 0.08333333333333333 0.704225352112676 0.196551724137931 0.04 1 0.2033333333333333 0.3013841368584759 0.4270400794367215 0.349174086978965 0.1254125412541254 0.08305647840531562 0.008620689655172414 0.04761904761904762 0.1172332942555686
 0.3235294117647059 0.4130434782608696 0.6666666666666666 0.7323943661971831 0.1293103448275862 0.2 0.3541666666666667 0.1833333333333333 0.1664385692068429 0.2415147138472649 0.2007355787843593 0.110990099009901 0.095 0.004310344827586207 0.04761904761904762 1
 0.3088235294117647 0.3260869565217391 0.1666666666666667 0.352112676056338 0.09482758620689655 0.04 0.125 0.1733333333333333 0.1568740279937792 0.2276358548474454 0.2067363530778165 0.07996699669966997 0.0804983388704319 0.004310344827586207 0.04761904761904762 0.1148886283704572
 0.1764705882352941 0.2173913043478261 0 0.07746478873239436 0.0103448275862069 0.2 0.6416666666666667 0.05 0.05744945567651633 0.08331828849972919 0.05023228803716608 0.0429042904290429 0.01993355481727575 0.004310344827586207 0.2380952380952381 0.1172332942555686
 0.1470588235294118 0.08695652173913043 0.1666666666666667 0.1455399061032864 0.008620689655172414 0.06 0.02916666666666667 0.03 0.03768273716951789 0.05468044773424806 0.05491031100787198 0.02138613861386139 0.01262458471760797 0.02155172413793104 0.2380952380952381 0.005861664712778429
 0.2794117647058824 0.391304347826087 0.3333333333333333 0.1690140845070423 0.1551724137931035 0.2 0.025 0.1166666666666667 0.08205287713841368 0.1190648131431666 0.1119821912504839 0.3272277227722772 0.3294019933554817 0 0.2380952380952381 0.009378663540445486
 0.4264705882352941 0.5 0.4166666666666667 0.539906103286385 0.1508620689655172 0.8 0.6666666666666666 0.2 0.2367185069984448 0.3434961184329302 0.1759581881533101 0.3222772277227723 0.3244186046511628 0 0 0.04454865181711606
 0.2647058823529412 0.391304347826087 0.4166666666666667 0.704225352112676 0.03103448275862069 1 0.06666666666666667 0.06666666666666667 0.09681181959564542 0.1404811337786604 0.06755710414247 0.07260726072607261 0.07308970099667775 0.05172413793103448 0.2380952380952381 0.09964830011723329
 0.25 0.3260869565217391 0.1666666666666667 0.352112676056338 0.04310344827586207 0.66 0.0125 0.05 0.09261275272161743 0.1343879761689836 0.05942702284165699 0.02227722772277228 0.01661129568106312 0.02155172413793104 0.2380952380952381 0.03516998827667057
 0.3823529411764706 0.5217391304347826 0.3333333333333333 0.09389671361502347 0.1379310344827586 0.2 0.01666666666666667 0.1666666666666667 0.1066874027993779 0.1548113377866041 0.3369467028003613 0.1692244224422442 0.1537375415282392 0.1077586206896552 0.04761904761904762 0.02344665885111372
 0.2647058823529412 0.3478260869565217 0.1666666666666667 0.06103286384976526 0.02068965517241379 0.24 0.008333333333333333 0.06666666666666667 0.06531881804043546 0.09478245170608413 0.05962059620596206 0.06369636963696369 0.04750830564784053 0 0.04761904761904762 0.02813599062133646
 0.25 0.3695652173913043 0 0.04929577464788732 0.001724137931034483 0.2 0.004166666666666667 0.05666666666666666 0.03816485225505444 0.05538003249684059 0.008710801393728223 0.033003300330033 0.03322259136212625 0.06465517241379311 0.09523809523809523 0.03516998827667057
 0.25 0.3260869565217391 0.4166666666666667 0.2816901408450704 0.05948275862068966 0.2 0.075 0.03 0.05534992223950233 0.02098754287777577 0.1576009807717125 0.2862706270627063 0.01197674418604651 0.4310344827586207 0.2380952380952381 0.02110199296600234
 0.3823529411764706 0.4782608695652174 0.3333333333333333 0.5164319248826291 0.006896551724137931 0.12 0.02083333333333333 0.07333333333333333 0.04720062208398134 0.06849160498284888 0.03297199638663053 0.05795379537953795 0.05833887043189369 0 0.1904761904761905 0
 0.2647058823529412 0.391304347826087 0 0.1408450704225352 0.06896551724137931 0.16 0.025 0.1333333333333333 0.03189735614307931 0.04628543058313775 1 0.2185478547854786 0.1585382059800664 0 0 0.007033997655334115
 0.2205882352941176 0.2826086956521739 0 0.1830985915492958 0.0103448275862069 0.4 0.05416666666666667 0.04 0.03587869362363919 0.05206264668712764 0.04729642534520583 0.2202970297029703 0.2134551495016611 0.008620689655172414 0.2380952380952381 0.01875732708089097
 0.25 0.3260869565217391 0.08333333333333333 0.02816901408450704 0.008620689655172414 0.14 0.01666666666666667 0.03333333333333333 0.04188180404354588 0.0607736053439249 0.2516453735965931 0.06435643564356436 0.06478405315614617 0.008620689655172414 0.09523809523809523 0.04220398593200469
 0.2941176470588235 0.3695652173913043 0.25 0.352112676056338 0.0103448275862069 0.2 0.03333333333333333 0.07666666666666666 0.06891135303265941 0.09999548654991876 0.05987869402503549 0.1195379537953795 0.05514950166112957 0.2155172413793103 0 0.1148886283704572
 0 0 0 0 0 0 0 0 0 0 0 0 0 0 0 0
 0.2941176470588235 0.4347826086956522 0.08333333333333333 0.1056338028169014 0.005172413793103448 0.12 0.08333333333333333 0.03 0.1046811819595645 0.1145062285611121 0.1489869660601368 0.06138613861386139 0.04152823920265781 0.004310344827586207 0 0.002344665885111371
 0.2205882352941176 0.2826086956521739 0.3333333333333333 0.704225352112676 0.1724137931034483 0.24 0.008333333333333333 0.06333333333333334 0.04122861586314153 0.05912619606427153 0.03484320557491289 0.066006600660066 0.06312292358803986 0.1120689655172414 0 0.03048065650644783
 0.25 0.3695652173913043 0.3333333333333333 0.1643192488262911 0.01724137931034483 0.2 0.0125 0.1333333333333333 0.05004665629860031 0.07262141180718541 0.03477868112014453 0.132013201320132 0.132890365448505 0.04310344827586207 0.2380952380952381 0.03516998827667057
 0.1029411764705882 0.1521739130434783 0.25 0.1197183098591549 0.003448275862068965 0.08 0.004166666666666667 0.02333333333333333 0.02222395023328149 0.04292291027261239 0.003484320557491289 0.1072607260726073 0.0664451827242525 0.01293103448275862 0 0.02227432590855803
 0.1176470588235294 0.1304347826086956 0.3333333333333333 0.176056338028169 0.003448275862068965 0.16 0.008333333333333333 0.1 0.02768273716951788 0.04626286333273154 0.02297070589753517 0.1093729372937294 0.1100996677740864 0.08620689655172414 0.1904761904761905 0.05275498241500586
 0.1176470588235294 0.1739130434782609 0.08333333333333333 0.07511737089201878 0.02068965517241379 0.08 0.01666666666666667 0.04333333333333333 0.0416796267496112 0.05409369922368659 0.03510130339398632 0.01937293729372937 0.01395348837209302 0.05172413793103448 0.04761904761904762 0.01406799531066823
 0.1470588235294118 0.1304347826086956 0.08333333333333333 0.1596244131455399 0.008620689655172414 0.2 0.01666666666666667 0.03333333333333333 0.02255054432348367 0.03926701570680628 0.04203768228158472 0.09900990099009901 0.09966777408637874 0.03448275862068965 0.1428571428571428 0.02110199296600234
 0.1764705882352941 0.1521739130434783 0.4166666666666667 0.1291079812206573 0.0146551724137931 0.24 0.075 0.15 0.05090202177293935 0.07386261057952699 0.1270486514388953 0.1207920792079208 0.0664451827242525 0.004310344827586207 0.1904761904761905 0.004689331770222743
 0.1764705882352941 0.2608695652173913 0.1666666666666667 0.02816901408450704 0.007758620689655172 0.16 0.004166666666666667 0.03333333333333333 0.02021772939346812 0.02933742552807366 0.07936507936507936 0.03465346534653466 0.02508305647840531 0.004310344827586207 0 0.02110199296600234
 0.1764705882352941 0.2608695652173913 0.1666666666666667 0.1244131455399061 0.02413793103448276 0.08 0.01666666666666667 0.02666666666666667 0.03816485225505444 0.05538003249684059 0.02781004000516196 0.2145214521452145 0.132890365448505 0.02155172413793104 0 0.007033997655334115
 0.2352941176470588 0.3260869565217391 0.1666666666666667 0.06103286384976526 0.02155172413793104 0.1 0.025 0.03333333333333333 0.04766718506998445 0.05413883372449901 0.04239256678281068 0.08250825082508251 0.07475083056478406 0 0.2380952380952381 0.005861664712778429
 0.2205882352941176 0.2826086956521739 0.1666666666666667 0.2276995305164319 0.01724137931034483 0.26 0.02083333333333333 0.03666666666666667 0.03738724727838258 0.05425166997653006 0.1255000645244548 0.373976897689769 0.3541528239202658 0.02155172413793104 0.2380952380952381 0.007033997655334115
 0.2794117647058824 0.4130434782608696 0.4166666666666667 0.08450704225352113 0.0103448275862069 0.36 0.02083333333333333 0.08666666666666667 0.06679626749611198 0.1040124571222242 0.1058201058201058 0.1617161716171617 0.1598006644518273 0.01293103448275862 0.2380952380952381 0.0164126611957796
 0.2352941176470588 0.3478260869565217 0.4166666666666667 0.06572769953051644 0.005172413793103448 0.14 0.004166666666666667 0.22 0.06827371695178849 0.1020039718360715 0.06371789908375274 0.3475247524752475 0.2269102990033223 0.01724137931034483 0.2380952380952381 0.009378663540445486
 0.2647058823529412 0.3478260869565217 0.08333333333333333 0.04225352112676056 0.01379310344827586 0.32 0.0125 0 0.07923794712286159 0.1097896732262141 0.3213317847464189 0.08745874587458746 0.07807308970099668 0 0.2380952380952381 0.02110199296600234
 0.1029411764705882 0.1304347826086956 0.4166666666666667 0.1291079812206573 0.1103448275862069 0.44 0.125 0.05 0.0352099533437014 0.05109225491966059 0.00322622273841786 0.04557755775577558 0.03684385382059801 0.004310344827586207 0.2380952380952381 0.1160609613130129
 0.2941176470588235 0.3695652173913043 0.4166666666666667 0.2816901408450704 0.103448275862069 0.4 0.06666666666666667 0.07666666666666666 0.09321928460342147 0.1352680989348258 0.2255129694154084 0.0768976897689769 0.07475083056478406 0.4310344827586207 0.1428571428571428 0.1172332942555686
 0.2352941176470588 0.3043478260869565 0.3333333333333333 0.0352112676056338 0.001724137931034483 0.1 0.004166666666666667 0.05 0.05502332814930016 0.07984293193717278 0.2364821267260292 0.07283828382838284 0.06611295681063123 0.0603448275862069 0.04761904761904762 0.002344665885111371
 0.2941176470588235 0.4347826086956522 0.4166666666666667 0.1971830985915493 0.05344827586206897 0.24 0.03333333333333333 0.1033333333333333 0.06360808709175739 0.08753836432569055 0.06326622790037424 0.05815181518151815 0.05305647840531561 0.1077586206896552 0.2380952380952381 0.041031652989449
 0.1764705882352941 0.2608695652173913 0.1666666666666667 0.1056338028169014 0.00603448275862069 0.24 0.004166666666666667 0.07333333333333333 0.07253499222395024 0.1219308539447554 0.107110594915473 0.07792079207920792 0.06146179401993355 0 0.1904761904761905 0.007033997655334115
 0.2352941176470588 0.3478260869565217 0.08333333333333333 0.1596244131455399 0.01724137931034483 0.12 0.02083333333333333 0.02 0.03468118195956454 0.05032496840584943 0.04923215898825655 0.07590759075907591 0.05647840531561462 0.08620689655172414 0.1904761904761905 0.04689331770222743
 0.01470588235294118 0.02173913043478261 0.08333333333333333 0.06572769953051644 0.01551724137931034 0.16 0.05833333333333333 0.06 0.002332814930015552 0.002933742552807366 0.322622273841786 0.04224422442244224 0.0425249169435216 0.02155172413793104 0 0.001172332942555686
 0.1764705882352941 0.2173913043478261 0.1666666666666667 0.1408450704225352 0.02068965517241379 0.3 0.05 0.15 0.03110419906687403 0.04513450081242101 0.2258355916892502 0.06963696369636964 0.03790697674418605 0.03017241379310345 0.2380952380952381 0.1172332942555686
 0.1470588235294118 0.1304347826086956 0.1666666666666667 0.09859154929577464 0.1379310344827586 0.06 0.05 0.08666666666666667 0.01758942457231726 0.02552356020942408 0.0743321718931475 0.03374587458745874 0.02159468438538206 0.1939655172413793 0.1904761904761905 0.001172332942555686
 0.2352941176470588 0.2826086956521739 0.4166666666666667 0.05633802816901409 0.003448275862068965 0.12 0 0.03333333333333333 0.05934681181959565 0.0861166275500993 0.0535230352303523 0.04138613861386139 0.04166112956810631 0 0.2380952380952381 0.1055099648300117
 0.3529411764705883 0.4782608695652174 0 0.07981220657276995 0.02758620689655172 0.06 0.08333333333333333 0.06666666666666667 0.09653188180404354 0.1400749232713486 0.02568073299780617 0.07435643564356435 0.04983388704318937 0.1379310344827586 0.1904761904761905 0.02813599062133646
 0.2794117647058824 0.2391304347826087 0 0.1596244131455399 0.004310344827586207 0.08 0.01666666666666667 0.04666666666666667 0.07195956454121306 0.104418667629536 0.1128532713898567 0.07425742574257425 0.04983388704318937 0.004310344827586207 0.09523809523809523 0.001172332942555686
 0.3529411764705883 0.2608695652173913 0.1666666666666667 0.3755868544600939 0.1551724137931035 0.16 0.05 0.1 0.07964230171073094 0.115566889330204 0.158052651955091 0.1583498349834984 0.1079734219269103 0.06465517241379311 0.2380952380952381 0.03048065650644783
 0.3088235294117647 0.3260869565217391 0.3333333333333333 0.02347417840375587 0.04310344827586207 0.14 0.004166666666666667 0.08666666666666667 0.07500777604976672 0.1088418487091533 0.05610401342108659 0.02590759075907591 0.0260797342192691 0.04310344827586207 0.04761904761904762 0.06213364595545135
 0.1323529411764706 0.08695652173913043 0.4166666666666667 0.1995305164319249 0.03448275862068965 0.12 0.0125 0.03 0.01528771384136859 0.02218360714930493 0.02135759452832623 0.1441749174917492 0.1025913621262459 0.008620689655172414 0.09523809523809523 0.0164126611957796
 0.2352941176470588 0.3478260869565217 0.4166666666666667 0.05633802816901409 0.05 0.16 0.025 0.1666666666666667 0.07099533437013997 0.1265797075284347 0.04752226093689509 0.1221122112211221 0.1129568106312292 0.02155172413793104 0.2380952380952381 0.01992966002344666
 0.4705882352941176 0.6739130434782609 0.3333333333333333 0.1384976525821596 0.02758620689655172 0 0.04166666666666666 0 0.1783825816485226 0.2728606246614912 0.1582784875467802 0.1680693069306931 0.1627906976744186 0 0.2380952380952381 0
 0.25 0.3260869565217391 0.1666666666666667 0.1220657276995305 0.103448275862069 0.2 0.008333333333333333 0.08333333333333333 0.07303265940902022 0.1059758079075645 0.451767970060653 0.09900990099009901 0.0664451827242525 0.008620689655172414 0.09523809523809523 0.07502930832356389
 0.2205882352941176 0.3260869565217391 0 0.06103286384976526 0.03879310344827586 0.2 0.1208333333333333 0 0.09181959564541213 0.1332370463982668 0.9620273583688218 0.2442244224422442 0.220265780730897 0 0.2380952380952381 0.01406799531066823
 0.1470588235294118 0.1739130434782609 0.1666666666666667 0.4225352112676056 0.01293103448275862 0.06 0.02083333333333333 0.06666666666666667 0.05894245723172628 0.08372449900704099 0.1128210091624726 0.04125412541254125 0.04152823920265781 0.008620689655172414 0 0.01524032825322391
 0.1617647058823529 0.2391304347826087 0.08333333333333333 0.2582159624413146 0.07758620689655173 0.2 0.04166666666666666 0.03333333333333333 0.01133748055987558 0.01645152554612746 0.07742934572202866 0.5981188118811881 0.08471760797342193 0.008620689655172414 0.2380952380952381 0.005861664712778429
 0.1323529411764706 0.1956521739130435 0.1666666666666667 0.05633802816901409 0.04655172413793104 0.1 0.03333333333333333 0.04666666666666667 0.6889113530326594 1 0.646857659052781 0.7400990099009901 0.6976744186046512 0 0 0.01875732708089097
 0.25 0.3695652173913043 0 0.284037558685446 0.05517241379310345 0.4 0.04166666666666666 0.06666666666666667 0.05175738724727838 0.07510380935186857 0.2235772357723577 0.09570957095709572 0.06810631229235881 0 0.2380952380952381 0.03282532239155921
 0.2647058823529412 0.1304347826086956 0 0.2816901408450704 0.01293103448275862 0.2 0.02916666666666667 0.04666666666666667 0.02441679626749611 0.03547571763856291 0.1642147373854691 1 1 0.008620689655172414 0.2380952380952381 0.05275498241500586
 0.1764705882352941 0.1739130434782609 0 0.1314553990610329 0.04741379310344827 0.28 0.02083333333333333 0.07000000000000001 0.03965785381026438 0.05675663477161943 0.04465092269970319 0.0433993399339934 0.03277408637873754 0 0.2380952380952381 0.005861664712778429
 0.1470588235294118 0.2173913043478261 0.3333333333333333 0.03286384976525822 0.2413793103448276 0.14 0.025 0.1633333333333333 0.02990668740279938 0.0433968225311428 0.1135307781649245 0.03402640264026403 0.026578073089701 0.2068965517241379 0.1428571428571428 0.008206330597889801
 0.1029411764705882 0.1521739130434783 0.4166666666666667 0.06572769953051644 0.02068965517241379 0.12 0.0125 0.02666666666666667 0.03782270606531882 0.03482126737678282 0.0322622273841786 0.01155115511551155 0.008305647840531562 0.02586206896551724 0.2380952380952381 0.009378663540445486
 0.1176470588235294 0.1739130434782609 0.1666666666666667 0.284037558685446 0.07758620689655173 0.02 0.008333333333333333 0.1 0.01368584758942457 0.01985918035746525 0.06200800103239128 0.04125412541254125 0.03322259136212625 0.04310344827586207 0.09523809523809523 0.01524032825322391
 0.1470588235294118 0.2173913043478261 0.1666666666666667 0.2112676056338028 0.02586206896551724 0.12 0.008333333333333333 0 0.03618973561430793 0.06643798519588373 0.1659891598915989 0.06016501650165017 0.0132890365448505 0.004310344827586207 0.2380952380952381 0.02930832356389215
 0.1176470588235294 0.1739130434782609 0.1666666666666667 0.04225352112676056 0.005172413793103448 0.02 0.008333333333333333 0.03333333333333333 0.02979782270606532 0.04323885177829933 0.06452445476835721 0.02145214521452145 0.01661129568106312 0.01724137931034483 0 0.001172332942555686
 0.25 0.3478260869565217 0.25 0.06807511737089202 0.01724137931034483 0.1 0.008333333333333333 0.1333333333333333 0.05248833592534993 0.07984293193717278 0.1122080268421732 0.03795379537953796 0.026578073089701 0.01293103448275862 0.2380952380952381 0.01875732708089097
 0.1323529411764706 0.1956521739130435 0.1666666666666667 0.03755868544600939 0.01982758620689655 0.14 0.09583333333333334 0.08333333333333333 0.01804043545878694 0.02617801047120419 0.005484578655310363 0.033003300330033 0.02823920265780731 0 0.2380952380952381 0.02696365767878077
 0.08823529411764706 0.1304347826086956 0.1666666666666667 0.352112676056338 0.01379310344827586 0.24 0.04166666666666666 0.03333333333333333 0.01519440124416796 0.02204820364686767 0.009969028261711189 0.02838283828382838 0.02823920265780731 0.02586206896551724 0.2380952380952381 0.0246189917936694
 0.1323529411764706 0.1956521739130435 0.4166666666666667 0.7981220657276995 0.1206896551724138 0.84 0.1875 0.04 0.0174805598755832 0.02536558945658061 0.04090850432313847 0.01303630363036304 0.008305647840531562 0.01724137931034483 0.2380952380952381 0
 0.1911764705882353 0.2391304347826087 0 0.04694835680751173 0.03103448275862069 0.32 0.008333333333333333 0.06 0.03026438569206843 0.04391586929048565 0.009710930442637759 0.007178217821782179 0.002990033222591362 0.04741379310344827 0.04761904761904762 0.01992966002344666
 0.1617647058823529 0.1956521739130435 0 0.1338028169014084 0.1293103448275862 0.4 0.0125 0 0.02283048211508554 0.03967322621411807 0.01758291392437734 0.0165016501650165 0.01411960132890366 0 0 0
 0.1176470588235294 0.108695652173913 0 0.08450704225352113 0.01724137931034483 0.1 0.01666666666666667 0 0.006687402799377916 0.009703917674670519 0 0.01402640264026403 0.01245847176079734 0 0 0.1148886283704572
 0.01470588235294118 0.02173913043478261 0.4166666666666667 0.05164319248826291 0.006896551724137931 0 0.008333333333333333 0.1 0.003110419906687403 0.004062105073117891 0.008968899212801652 0.0448019801980198 0.02041528239202658 0.03448275862068965 0.09523809523809523 0.01758499413833529
 0.1323529411764706 0.1739130434782609 0.08333333333333333 0.1408450704225352 0.05344827586206897 0.44 0.02916666666666667 0.1666666666666667 0.01337480559875583 0.005641812601552627 0.02529358626919603 0.03630363036303631 0.0345514950166113 0.08620689655172414 0.2380952380952381 0.03282532239155921
 0.08823529411764706 0.06521739130434782 0.1666666666666667 0.176056338028169 0.1810344827586207 0.08 0.008333333333333333 0.1 0.01421461897356143 0.0206264668712764 0.1254678022970706 0.03795379537953796 0.026578073089701 0.01293103448275862 0.2380952380952381 0.02696365767878077
 0.1323529411764706 0.108695652173913 0 0.09859154929577464 0.2758620689655172 0.02 0.05 0 0.02233281493001555 0.03610760064993681 0.1182410633630146 0.03457095709570957 0.02990033222591362 0.09051724137931035 0.2380952380952381 0.01875732708089097
 0.08823529411764706 0.108695652173913 0 0.1901408450704225 0.006896551724137931 0.06 0.02083333333333333 0 0.007947122861586314 0.01198320996569778 0 0.003795379537953795 0.003322259136212625 0 0 0.003516998827667058
 0.2058823529411765 0.1956521739130435 0.1666666666666667 0.176056338028169 0.01120689655172414 0.24 0.008333333333333333 0 0.02768273716951788 0.04016970572305471 0.05161956381468576 0.02574257425742574 0.02325581395348837 0.004310344827586207 0.04761904761904762 0.0492379835873388
 0.1323529411764706 0.1521739130434783 0.1666666666666667 0.2065727699530517 0.006896551724137931 0.08 0.01666666666666667 0.06 0.02458786936236392 0.03567882289221881 0.06478255258743064 0.03795379537953796 0.03820598006644518 0.01724137931034483 0 0.009378663540445486
 0.1911764705882353 0.06521739130434782 0 0.704225352112676 0.008620689655172414 0.1 0.04166666666666666 0.06666666666666667 0.02146189735614308 0.0311428055605705 0.02580978190734288 0.0165016501650165 0.006644518272425249 0 0 0
 0.2352941176470588 0.3478260869565217 0.08333333333333333 0.1314553990610329 0.02758620689655172 0.16 0.03333333333333333 0.04 0.01741835147744946 0.03046578804838419 0.1290489095367144 0.0396039603960396 0.03322259136212625 0 0.1428571428571428 0.003516998827667058
 0.4117647058823529 0.4130434782608696 0 0.3169014084507042 0.04655172413793104 0.32 0.04583333333333333 0.07000000000000001 0.05522550544323484 0.08013630619245352 0.02322880371660859 0.0198019801980198 0.01661129568106312 0.01293103448275862 0.1904761904761905 0.007033997655334115
 0.2205882352941176 0.3043478260869565 0 0.4694835680751174 0.04310344827586207 0.36 0.0625 0.09666666666666666 0.03286158631415241 0.0476846001083228 0.05320041295651052 0.0231023102310231 0.02325581395348837 0.02586206896551724 0.2380952380952381 0.01758499413833529
 0.3676470588235294 0.3260869565217391 0 0.07511737089201878 0.03017241379310345 0.2 0.05 0.05 0.03780715396578538 0.05486098573749774 0.03500451671183379 0.009141914191419142 0 0.04310344827586207 0.04761904761904762 0.01172332942555686
 0.05882352941176471 0.06521739130434782 0.08333333333333333 0.02816901408450704 0.004310344827586207 0.16 0.01666666666666667 0.02666666666666667 0.01678071539657854 0.02435006318830114 0.007420312298361079 0.01072607260726073 0.009966777408637873 0.008620689655172414 0.1428571428571428 0.001172332942555686
 0.07352941176470588 0.108695652173913 0.1666666666666667 0.01643192488262911 0.003448275862068965 0.08 0.008333333333333333 0.04 0.01315707620528771 0.01909189384365409 0.01122725512969415 0.005478547854785479 0.005514950166112957 0 0 0
 0.1470588235294118 0.2173913043478261 0.1666666666666667 0.1056338028169014 0.01896551724137931 0.12 0.0125 0.02666666666666667 0.02488335925349922 0.03610760064993681 0.1645373596593109 0.01584158415841584 0.01245847176079734 0.1293103448275862 0.2380952380952381 0.007033997655334115
 0.1617647058823529 0.2391304347826087 0.08333333333333333 0.1056338028169014 0.0103448275862069 0.4 0.025 0.03666666666666667 0.04368584758942457 0.06339140639104532 0.04574783843076526 0.0132013201320132 0.01162790697674419 0.004310344827586207 0 0
 0.1029411764705882 0.02173913043478261 0.08333333333333333 0.07042253521126761 0.008620689655172414 0.08 0.008333333333333333 0.04 0.02104199066874028 0.02854757176385629 0.06042715189056652 0.03480198019801981 0.03503322259136213 0 0.2380952380952381 0.01758499413833529
 0.3088235294117647 0.1521739130434783 0 0.04225352112676056 0.0103448275862069 0.12 0.008333333333333333 0 0.01003110419906687 0.01455587651200578 0.00322622273841786 0.001155115511551155 0 0 0.1904761904761905 0.002344665885111371
 0.2058823529411765 0.3043478260869565 0.1666666666666667 0.4225352112676056 0.01379310344827586 0.12 0.01666666666666667 0.05333333333333334 0.02636080870917574 0.05339411446109406 0.04916763453348819 0.08250825082508251 0.0664451827242525 0.0603448275862069 0.1904761904761905 0.02813599062133646
 0.2205882352941176 0.1304347826086956 0.25 0.1173708920187793 0.02586206896551724 0.08 0.008333333333333333 0.02 0.02772939346811819 0.05242372269362701 0.06620209059233449 0.009900990099009901 0.009966777408637873 0.008620689655172414 0.2380952380952381 0.005861664712778429
 0.2352941176470588 0.3478260869565217 0.4166666666666667 0.2816901408450704 0.02758620689655172 0.24 0.03333333333333333 0.06333333333333334 0.04220839813374806 0.05811066979599205 0.01687314492192541 0.006270627062706271 0.004318936877076412 0.008620689655172414 0.2380952380952381 0.05861664712778429
 0.2058823529411765 0.1956521739130435 0.4166666666666667 0.05868544600938967 0.02155172413793104 0.16 0.01666666666666667 0.003333333333333334 0.02062208398133748 0.02992417403863513 0.01084010840108401 0.00231023102310231 0 0 0 0
 0.2647058823529412 0.1521739130434783 0 0.2816901408450704 0.001724137931034483 0 0 0.06 0.04105754276827372 0.05957754107239574 0.04548974061169183 0.005495049504950495 0.002491694352159468 0.008620689655172414 0.09523809523809523 0
 0.2058823529411765 0.2826086956521739 0 0.06572769953051644 0.04137931034482759 0.04 0.0125 0 0.01446345256609642 0.02098754287777577 0.002032520325203252 0.0009900990099009901 0.0009966777408637873 0.09913793103448276 0 0
 0.1911764705882353 0.2608695652173913 0.3333333333333333 0.1291079812206573 0.008620689655172414 0.16 0.008333333333333333 0 0.03671850699844479 0.05707257627730637 0.09204413472706155 0.0198019801980198 0.01661129568106312 0.01724137931034483 0 0.04689331770222743
 0.4705882352941176 0.6739130434782609 0.4166666666666667 0.147887323943662 0.04137931034482759 0.1 0.0125 0.9 0.2868584758942457 0.524327495937895 0.2820363917924893 0.2590759075907591 0.2230066445182724 0.004310344827586207 0.1428571428571428 0.08206330597889801
 0.25 0.3695652173913043 0 0.8568075117370892 0.01551724137931034 0.24 0.05 0.05666666666666666 0.04878693623639192 0.07079346452428237 0.004000516195638147 0.02557755775577558 0.02059800664451827 0.008620689655172414 0.2380952380952381 0.1172332942555686
 0.1323529411764706 0.1956521739130435 0 0.3638497652582159 0.02155172413793104 0.1 0.004166666666666667 0.1333333333333333 0.02597200622083981 0.03768730817837155 0.2770034843205575 0.08250825082508251 0.0664451827242525 0.004310344827586207 0 0.02579132473622509
 0.2205882352941176 0.108695652173913 0 0 0 0 0 0 0.03035769828926905 0.057140278028525 0.1720221964124403 0.1023102310231023 0.09551495016611296 0 0 0
 0.08823529411764706 0.06521739130434782 0 0.07276995305164319 0.01293103448275862 0.4 0.025 0.3333333333333333 0.01679626749611197 0.02369561292652103 0.01974448315911731 0.05775577557755775 0.04622923588039867 0.01293103448275862 0.09523809523809523 0.02344665885111372
 0.05882352941176471 0.06521739130434782 0.1666666666666667 0.2816901408450704 0.004310344827586207 0.18 0.0125 0.01666666666666667 0.0135303265940902 0.01963350785340314 0 0.0264026402640264 0.02491694352159468 0.1120689655172414 0.2380952380952381 0.03048065650644783
 0.1176470588235294 0.1304347826086956 0.3333333333333333 0.1525821596244132 0.03793103448275862 0.1 0.0125 0.02666666666666667 0.0232348367029549 0.0337154721068785 0.1619886436959608 0.05445544554455446 0.01913621262458472 0.01293103448275862 0 0.1172332942555686
 0.08823529411764706 0.06521739130434782 0 0.09389671361502347 0.004310344827586207 0.04 0.04166666666666666 0.05 0.04105754276827372 0.06086387434554974 0.07575170989805136 0.004950495049504951 0.004152823920265781 0.02155172413793104 0.2380952380952381 0.09378663540445487
 0.1323529411764706 0.1521739130434783 0.08333333333333333 0.9553990610328639 0.103448275862069 0.24 0.05 0 0.03032659409020218 0.04400613829211049 0.02445476835720738 0.03630363036303631 0.03322259136212625 0 0.09523809523809523 0.01406799531066823
 0.2205882352941176 0.2608695652173913 0.1666666666666667 0.1408450704225352 0.008620689655172414 0.12 0.02916666666666667 0.04666666666666667 0.06640746500777606 0.09636215923451887 0.1216285972383533 0.03630363036303631 0.008305647840531562 0.004310344827586207 0 0.01758499413833529
 0.07352941176470588 0.06521739130434782 0 0.04694835680751173 0.00603448275862069 0.04 0.008333333333333333 0.08666666666666667 0.009331259720062209 0.01308900523560209 0.02580978190734288 0.0231023102310231 0.01661129568106312 0 0.2380952380952381 0.09378663540445487
 0.04411764705882353 0.04347826086956522 0.1666666666666667 0.1338028169014084 0.01551724137931034 0.1 0.004166666666666667 0.02333333333333333 0.00729393468118196 0.01058404044051273 0.03548845012259647 0.0396039603960396 0.03986710963455149 0.2155172413793103 0.2380952380952381 0.05861664712778429
 0.2058823529411765 0.3043478260869565 0 0.6291079812206573 0.01724137931034483 0.44 0.1 0.07666666666666666 0.02920684292379471 0.04283264127098754 0.05645889792231255 0.00825082508250825 0.003322259136212625 0.05172413793103448 0.1904761904761905 0.0246189917936694
 0.04411764705882353 0.06521739130434782 0 0.09859154929577464 0.01379310344827586 0.06 0.04583333333333333 0.03333333333333333 0.003110419906687403 0.004513450081242101 0.03871467286101433 0.0429042904290429 0.04318936877076412 0 0 0.005861664712778429
 0.3382352941176471 0.1739130434782609 0.1666666666666667 0.02582159624413146 0.09655172413793103 0.12 0 0 0.04289269051321928 0.06409099115363784 0.06339527680991096 0.05843234323432343 0.01611295681063123 0 0.2380952380952381 0.03751465416178194
 0.02941176470588235 0.02173913043478261 0 0.02816901408450704 0.008620689655172414 0.08 0.0125 0.01333333333333333 0.005598755832037325 0.008124210146235782 0 0 0 0 0.1904761904761905 0.004689331770222743
 0.01470588235294118 0.02173913043478261 0.1666666666666667 0.3192488262910798 0.0103448275862069 0.24 0.05 0 0.006220839813374806 0.008124210146235782 0.00645244547683572 0.006270627062706271 0.004983388704318937 0.1293103448275862 0.2380952380952381 0.05861664712778429
 0.1029411764705882 0.08695652173913043 0.1666666666666667 0.1737089201877934 0.0103448275862069 0.1 0.02083333333333333 0.02333333333333333 0.01183514774494557 0.01618071854125294 0.163117821654407 0.06392739273927393 0.0481063122923588 0.008620689655172414 0.2380952380952381 0.02696365767878077
 0.05882352941176471 0.06521739130434782 0.1666666666666667 0.03755868544600939 0.005172413793103448 0.1 0.025 0.08 0.009611197511664074 0.01394656075103809 0 0 0 0.004310344827586207 0.09523809523809523 0.02930832356389215
 0.1176470588235294 0.1521739130434783 0 0.04460093896713615 0.01724137931034483 0 0.025 0.03333333333333333 0.01088646967340591 0.01624842029247156 0.1645373596593109 0.0462046204620462 0.03986710963455149 0.02155172413793104 0 0.01406799531066823
 0.04411764705882353 0 0.1666666666666667 0.3661971830985916 0.005172413793103448 0.04 0.01666666666666667 0.1866666666666667 0.004354587869362364 0.006318830113738942 0.09033423667570009 0.02475247524752475 0.02491694352159468 0.02586206896551724 0.1428571428571428 0.05158264947245018
 0.2647058823529412 0.3043478260869565 0.3333333333333333 0.7582159624413145 0.1103448275862069 0.24 0.008333333333333333 0.03 0.04847589424572317 0.05887795630980321 0.06033036520841399 0.04267326732673268 0.02365448504983389 0.004310344827586207 0.09523809523809523 0.005861664712778429
 0.1029411764705882 0.08695652173913043 0.1666666666666667 0.08450704225352113 0.03706896551724138 0.14 0.025 0.02666666666666667 0.02129082426127527 0.03251940783534934 0.04090850432313847 0.03465346534653466 0.02159468438538206 0.02586206896551724 0.1428571428571428 0.02344665885111372
 0.08823529411764706 0 0.08333333333333333 0.05164319248826291 0.04137931034482759 0 0 0.02 0.003888024883359254 0.005641812601552627 0.07742934572202866 0.02805280528052805 0.01993355481727575 0 0 0
 0.1323529411764706 0.1521739130434783 0.3333333333333333 0.08215962441314555 0.07758620689655173 0.12 0.01666666666666667 0.07333333333333333 0.01477449455676516 0.02143888788589998 0.01032391276293715 0.04125412541254125 0.04152823920265781 0.02586206896551724 0.2380952380952381 0.009378663540445486
 0.1029411764705882 0.08695652173913043 0 0.03051643192488263 0.002586206896551724 0.2 0 1 0.02552099533437014 0.03703285791659144 0.01348561104658666 0.02504950495049505 0.02491694352159468 0 0.1904761904761905 0
 0.3970588235294117 0.5869565217391305 0.1666666666666667 0.2018779342723005 0.005172413793103448 0.1 0.025 0 0.06321928460342147 0.09518866221339592 0.2272873919215383 0.08429042904290429 0.06691029900332227 0.004310344827586207 0.2380952380952381 0
 0.1029411764705882 0.08695652173913043 0.1666666666666667 0.09389671361502347 0.01551724137931034 0.3 0.04166666666666666 0.02666666666666667 0.01595645412130638 0.02290575916230366 0.09678668215253582 0.03547854785478548 0.03571428571428571 0.02586206896551724 0.2380952380952381 0.005861664712778429
 0.04411764705882353 0.06521739130434782 0.1666666666666667 0.02582159624413146 0.004310344827586207 0.22 0.02083333333333333 0 0.01419906687402799 0.02060389962087019 0.007742934572202865 0.01146864686468647 0.002491694352159468 0 0 0.002344665885111371
 0.1470588235294118 0.2173913043478261 0.1666666666666667 0.2582159624413146 0.01293103448275862 0.2 0.02916666666666667 0.02333333333333333 0.0477293934681182 0.06925889149666005 0.03877919731578268 0.01806930693069307 0.006677740863787376 0.06465517241379311 0.1904761904761905 0.02110199296600234
 0.1470588235294118 0.1739130434782609 0 0.04694835680751173 0.003448275862068965 0.04 0.004166666666666667 0 0.02332814930015552 0.02933742552807366 0.0324235385210995 0.005940594059405941 0.004651162790697674 0 0.04761904761904762 0.005861664712778429
 0.1764705882352941 0.2391304347826087 0 0.03755868544600939 0.0103448275862069 0.1 0.04166666666666666 0.04 0.0223950233281493 0.03249684058494313 0.002097044779971609 0.01237623762376238 0.01245847176079734 0 0.09523809523809523 0.0246189917936694
 0.1764705882352941 0.2608695652173913 0.1666666666666667 0.1596244131455399 0.06896551724137931 0.26 0.0375 0.04 0.02645412130637636 0.03838689294096408 0.03184281842818428 0.006815181518151815 0.005199335548172757 0.1293103448275862 0.09523809523809523 0.03516998827667057
 0.04411764705882353 0.06521739130434782 0.3333333333333333 0.01643192488262911 0.04137931034482759 0.06 0.008333333333333333 0.01333333333333333 0.01432348367029549 0.02078443762411988 0.005484578655310363 0.04125412541254125 0.04152823920265781 0.01293103448275862 0 0.03165298944900351
 0.1764705882352941 0.108695652173913 0 0.05868544600938967 0.03620689655172414 0.3 0.06666666666666667 0.04 0.01104199066874028 0.01602274778840946 0.01935733643050716 0.02805280528052805 0.0132890365448505 0.004310344827586207 0.1428571428571428 0.02344665885111372
 0.02941176470588235 0 0 0.04929577464788732 0.01637931034482759 0.04 0 0 0.00536547433903577 0.007785701390142625 0.006355658794683185 0.0429042904290429 0.008305647840531562 0.004310344827586207 0 0.01875732708089097
 0.2058823529411765 0.2391304347826087 0.1666666666666667 0.1830985915492958 0.03793103448275862 0.16 0.02083333333333333 0 0.03458786936236392 0.05294276945296985 0.035585236804749 0.04735973597359736 0 0.03448275862068965 0.1428571428571428 0
 0.1323529411764706 0.1956521739130435 0.4166666666666667 0.2112676056338028 0.1724137931034483 0.2 0.08333333333333333 0 0.01975116640746501 0.02866040801588735 0.09539940637501614 0.03630363036303631 0.03322259136212625 0.02155172413793104 0.1904761904761905 0.08206330597889801
 0.1029411764705882 0.1304347826086956 0.1666666666666667 0.2183098591549296 0.0896551724137931 0.2 0.05 0.1333333333333333 0.04483670295489891 0.06431666365769995 0.070267131242741 0.05775577557755775 0.04983388704318937 0.396551724137931 0.2380952380952381 0.1078546307151231
 0.2058823529411765 0.2608695652173913 0.25 0.07511737089201878 0.05172413793103448 0.38 0.06666666666666667 0.05666666666666666 0.04091757387247279 0.05937443581873984 0.03661762808104271 0.05280528052805281 0.04651162790697674 0.004310344827586207 0.2380952380952381 0.01172332942555686
 0.1323529411764706 0.1956521739130435 0.1666666666666667 0.2629107981220657 0.04913793103448276 0.12 0.02083333333333333 0.07666666666666666 0.02986003110419907 0.04378046578804838 0.07904245709123758 0.05280528052805281 0.04651162790697674 0.04310344827586207 0.2380952380952381 0.0492379835873388
 0.1764705882352941 0.2173913043478261 1 0.215962441314554 0.07586206896551724 0.24 0.01666666666666667 0 0.04508553654743391 0.06542245892760426 0.02235772357723577 0.05775577557755775 0.04285714285714286 0.004310344827586207 0.2380952380952381 0.007033997655334115
 0.2647058823529412 0.2608695652173913 0 0.09389671361502347 0.04482758620689655 0.9 0.125 0.1666666666666667 0.0719751166407465 0.09904766203285792 0.1129177958446251 0.03478547854785478 0.02491694352159468 0 0 0.07620164126611957
 0.1911764705882353 0.2826086956521739 0.08333333333333333 0.09389671361502347 0.002586206896551724 0.12 0.008333333333333333 0 0.06545878693623639 0.09442137569958477 0.03684346367273197 0.01815181518151815 0.01661129568106312 0.02586206896551724 0.1428571428571428 0
 0.08823529411764706 0.08695652173913043 0.1666666666666667 0.6103286384976526 0.02413793103448276 0.12 0.0125 0.08333333333333333 0.005956454121306376 0.008643256905578624 0.01429216673119112 0.03465346534653466 0.02441860465116279 0.02155172413793104 0.1428571428571428 0.01875732708089097
 0.1617647058823529 0.1521739130434783 0 0.2816901408450704 0.08620689655172414 0.1 0.008333333333333333 0 0.02332814930015552 0.03610760064993681 0.3387533875338753 0.08745874587458746 0.08803986710963455 0.01724137931034483 0.04761904761904762 0.02344665885111372
 0.2205882352941176 0.2391304347826087 0.08333333333333333 0.1502347417840376 0.08017241379310344 0.08 0.0125 0.06 0.03548989113530326 0.05149846542697237 0.06884759323783714 0.0837953795379538 0.04250830564784053 1 0.2380952380952381 0.03282532239155921
 0.1470588235294118 0.1956521739130435 0.5833333333333334 0.08215962441314555 0.3017241379310345 0.12 0.05 0.1 0.02332814930015552 0.02933742552807366 0.483933410762679 0.1212211221122112 0.1220265780730897 0.05172413793103448 0.4761904761904762 0.02110199296600234
 0.1029411764705882 0.1521739130434783 0.1666666666666667 0.1525821596244132 0 0 0 0 0.02617418351477449 0.04619516158151291 0.03823073945025165 0.03638613861386138 0.02564784053156146 0.004310344827586207 0.1428571428571428 0.004689331770222743
 0.02941176470588235 0 0.08333333333333333 0.08215962441314555 0.03017241379310345 0.04 0.008333333333333333 0.06666666666666667 0.003110419906687403 0.00444574833002347 0.4516711833785004 0.06844884488448845 0.06312292358803986 0.02155172413793104 0.1904761904761905 0.04689331770222743
 0.1323529411764706 0.1739130434782609 0.1666666666666667 0.07042253521126761 0.02241379310344828 0.1 0.0125 0.05333333333333334 0.02021772939346812 0.03525004513450081 0.06129823202993934 0.05280528052805281 0.04069767441860465 0.02586206896551724 0.1904761904761905 0.01289566236811254
 0.1470588235294118 0.1739130434782609 0.1666666666666667 0.06572769953051644 0.006896551724137931 0.16 0.025 0.08666666666666667 0.02662519440124417 0.04156887524823975 0.03916634404439282 0.06894389438943894 0.06312292358803986 0.08620689655172414 0.1904761904761905 0.005861664712778429
 0.25 0.2826086956521739 0 0.07511737089201878 0.02068965517241379 0.12 0.004166666666666667 0.08333333333333333 0.0525194401244168 0.07311789131612205 0.1771518905665247 0.06765676567656766 0.04435215946843854 0.01293103448275862 0.2380952380952381 0.003516998827667058
 0.1470588235294118 0.1739130434782609 0 0.08215962441314555 0.01896551724137931 0.26 0.01666666666666667 0 0.02069984447900466 0.02773515074923271 0.03716608594657375 0.00825082508250825 0.006976744186046512 0 0.1428571428571428 0
 0.1764705882352941 0.1956521739130435 0.08333333333333333 0.4460093896713615 0.0103448275862069 0.24 0.025 0.1 0.03104199066874028 0.04504423181079617 0.05400696864111498 0.03465346534653466 0.026578073089701 0.06896551724137931 0.2380952380952381 0.01172332942555686
 0.2205882352941176 0.3043478260869565 0.08333333333333333 0.04694835680751173 0.008620689655172414 0.16 0.025 0.02 0.01026438569206843 0.01489438526809893 0.003387533875338754 0.033003300330033 0 0.02586206896551724 0.1428571428571428 0
 0.2352941176470588 0.3478260869565217 0 0.01408450704225352 0.025 0.14 0.01666666666666667 0.07666666666666666 0.03576982892690513 0.04815851236685322 0.009710930442637759 0.0462046204620462 0.03322259136212625 0.008620689655172414 0.1904761904761905 0.001172332942555686
 0.08823529411764706 0.02173913043478261 0 0.009389671361502348 0.001724137931034483 0.06 0.004166666666666667 0.01666666666666667 0.006998444790046656 0.01015526268279473 0.00161311136920893 0.0009900990099009901 0.0009966777408637873 0 0 0
 0.1176470588235294 0.1739130434782609 0 0.1009389671361502 0.01810344827586207 0.16 0.025 0.08333333333333333 0.02099533437013997 0.0304883552987904 0.03239127629371532 0.05775577557755775 0.04983388704318937 0 0.2380952380952381 0.01055099648300117
 0.4264705882352941 0.5217391304347826 0.1666666666666667 0.352112676056338 0.03448275862068965 0.6 0.125 0.07666666666666666 0.06171073094867807 0.08345369200216646 0.2258355916892502 0.01161716171617162 0.01169435215946844 0 0.1904761904761905 0.02696365767878077
 0.2058823529411765 0.2173913043478261 0.4166666666666667 0.1173708920187793 0.02068965517241379 0.16 0.02083333333333333 0 0.02107309486780715 0.03057862430041524 0.04058588204929668 0.02204620462046205 0.02041528239202658 0.01724137931034483 0.2380952380952381 0.05861664712778429
 0.08823529411764706 0.08695652173913043 0.08333333333333333 0.1173708920187793 0.03017241379310345 0 0 0.04 0.02902021772939347 0.05723054703014985 0.03074590269712221 0.02475247524752475 0.0132890365448505 0.004310344827586207 0 0
 0.1176470588235294 0.1739130434782609 0 0.08215962441314555 0.007758620689655172 0.02 0.008333333333333333 0.06666666666666667 0.02348367029548989 0.04337425528073659 0.0322622273841786 0.0264026402640264 0.01661129568106312 0.02155172413793104 0 0.005861664712778429
 0.1617647058823529 0.1304347826086956 0.4166666666666667 0.2253521126760563 0.009482758620689655 0.24 0.04166666666666666 0.04 0.02177293934681182 0.02933742552807366 0.0161311136920893 0.08250825082508251 0.05813953488372093 0.02155172413793104 0.1428571428571428 0.01289566236811254
 0.1470588235294118 0.1304347826086956 0.5 0.4694835680751174 0.08620689655172414 0.3 0.0625 0.1133333333333333 0.02566096423017107 0.03813865318649576 0.0850432313846948 0.04950495049504951 0.04983388704318937 0.004310344827586207 0.09523809523809523 0.02110199296600234
 0.1176470588235294 0.04347826086956522 0.1666666666666667 0.01408450704225352 0.0103448275862069 0.02 0.0125 0 0.01659409020217729 0.01651922729734609 0.02855207123499806 0.05445544554455446 0.05199335548172757 0 0.1428571428571428 0.004689331770222743
 0.3823529411764706 0.3478260869565217 0 0.1408450704225352 0.005172413793103448 0.04 0.008333333333333333 0.09333333333333334 0.0559253499222395 0.09239032316302581 0.02926184023744999 0.0228052805280528 0.02295681063122924 0 0 0.01758499413833529
 0.1764705882352941 0.2608695652173913 0 0.1854460093896714 0.02413793103448276 0.16 0.02083333333333333 0.03 0.03423017107309487 0.04967051814406933 0.03703703703703703 0.0332013201320132 0.02740863787375415 0.02586206896551724 0.2380952380952381 0.008206330597889801


# name: V
# type: matrix
# rows: 207
# columns: 1
 0
 3
 3
 3
 3
 0
 3
 3
 2
 3
 1
 3
 3
 3
 0
 3
 3
 3
 3
 2
 0
 3
 2
 3
 2
 3
 3
 2
 0
 3
 3
 3
 3
 3
 3
 3
 2
 3
 3
 3
 3
 1
 3
 3
 3
 3
 0
 1
 3
 2
 2
 3
 3
 3
 3
 3
 3
 3
 3
 3
 3
 1
 2
 0
 1
 3
 3
 1
 0
 3
 2
 2
 3
 3
 3
 3
 3
 2
 3
 3
 0
 1
 3
 2
 2
 3
 3
 3
 3
 1
 3
 3
 3
 3
 3
 3
 0
 1
 3
 3
 3
 3
 2
 0
 0
 0
 0
 2
 0
 0
 0
 0
 2
 2
 2
 0
 0
 2
 0
 1
 1
 1
 2
 1
 1
 0
 1
 0
 0
 2
 2
 0
 2
 0
 0
 0
 0
 0
 1
 3
 1
 2
 1
 1
 1
 2
 1
 1
 1
 1
 2
 0
 0
 1
 0
 0
 3
 0
 0
 2
 1
 1
 2
 3
 1
 3
 1
 2
 0
 0
 0
 0
 1
 1
 0
 3
 3
 3
 3
 3
 2
 2
 1
 2
 3
 3
 1
 0
 0
 1
 3
 2
 0
 2
 0
 1
 0
 3
 0
 0
 1
 2
 3
 3
 3
 3
 2


# name: data
# type: matrix
# rows: 207
# columns: 16
 9 8 3 160 170 18 6 11 2586 2586 993 880 880 0 0 98
 24 15 5 320 17 18 8 24 7241 7596 5584 6600 6400 12 5 100
 17 12 3 330 50 4 150 20 7654 6604 684 6000 4000 1 2 40
 29 13 2 200 220 36 25 16 6820 6861 2740 17000 16000 0 10 10
 27 12 2 60 30 11 0 27 18806 18806 6140 42103 40940 0 5 100
 17 6 3 105 24 24 6 17 7704 7704 2576 6176 2285 3 3 72
 14 12 3 45 179 6 12 15 3866 3483 7093 4800 4400 15 0 98
 22 22 3 65 30 12 30 35 24083 24083 5309 5160 5160 10 4 10
 12 8 7 55 12 12 7 12 4581 4581 7164 20385 20184 7 5 16
 9 5 5 95 74 23 10 16 8137 8137 4270 9139 8562 3 5 27
 13 11 4 142 108 10 12 12 6961 6961 9917 2050 2050 1 0 14
 20 18 4 155 66 16 11 31 6793 6763 3581 8600 8600 6 1 6
 5 5 2 87 24 18 9 10 1711 1711 1550 10000 7500 0 5 19
 7 7 5 95 31 20 12 0 2879 2879 3190 8500 6100 0 5 6
 8 7 4 112 360 15 3 30 2717 2717 850 8000 4000 7 5 6
 10 5 4 51 56 12 11 0 2431 2431 664 7000 0 110 1 288
 36 14 12 29 32 29 12 14 7563 7561 19885 18420 13500 10 5 0
 31 24 5 400 156 7 4 24 10305 10305 6873 4169 4169 4 3 0
 21 12 2 93 116 30 17 26 6019 6019 0 13020 0 14 21 513
 9 4 1 70 12 8 20 6 1429 1429 20800 16500 1500 6 4 10
 8 4 2 81 310 5 15 8 1852 1852 205 14500 14500 20 0 19
 19 17 1 100 276 6 18 19 3685 3685 1940 3500 2300 8 5 3
 10 9 2 45 4 5 3 11 2473 2473 1226 9779 8958 8 5 15
 14 12 2 290 1160 16 10 73 2413 2572 11212 39355 33722 0 5 50
 16 8 3 15 4 5 4 5 2149 2149 2169 4000 3500 10 5 8
 21 13 2 130 14 50 18 10 2080 2113 3587 3000 1200 0 5 14
 27 21 2 120 120 12 40 20 5029 5029 1469 20000 16400 0 3 20
 4 1 2 16 10 2 6 10 310 310 500 4000 4000 10 0 15
 5 5 2 30 20 12 12 10 448 448 120 4600 4600 10 3 12
 6 6 2 165 120 6 35 13 3349 2830 2349 1930 1632 5 10 18
 7 7 8 60 24 12 21 22 3496 3496 1040 4944 4744 0 4 80
 0 0 0 0 0 0 0 0 0 0 0 0 0 0 0 0
 27 24 9 280 48 24 20 50 9096 9096 3331 7529 6529 1 4 75
 7 7 2 28 13 13 16 16 1132 1108 1016 2700 2600 1 17 124
 12 12 11 65 0 15 0 15 4225 4225 3194 6000 5000 2 1 18
 14 14 3 120 33 10 12 25 3613 3613 1393 5639 5639 5 6 20
 13 13 10 326 12 8 40 50 64300 4000 323 20000 18200 0 5 100
 26 18 0 70 26 27 20 0 12676 12676 3416 3000 2800 2 5 5
 6 6 2 220 300 30 21 6 570 570 100 5200 3449 10 4 0
 28 18 6 360 12 16 18 30 8871 9179 10605 13000 13000 23 11 332
 12 4 5 97 14 50 63 11 5500 7699 676 8000 7900 0 0 0
 14 14 8 426 45 10 5 0 4067 4067 3648 7600 7600 0 0 0
 68 46 4 330 300 20 8 40 10925 10803 3375 10000 7800 1 8 15
 66 37 1 300 228 2 240 61 19379 18923 10823 7600 5000 2 1 100
 22 19 8 312 150 10 85 55 10702 10702 6222 6726 5719 1 1 853
 21 15 2 150 110 2 30 52 10087 10087 6408 4846 4846 1 1 98
 12 10 0 33 12 10 154 15 3694 3692 1557 2600 1200 1 5 100
 10 4 2 62 10 3 7 9 2423 2423 1702 1296 760 5 5 5
 19 18 4 72 180 10 6 35 5276 5276 3471 19830 19830 0 5 8
 29 23 5 230 175 40 160 60 15221 15221 5454 19530 19530 0 0 38
 18 18 5 300 36 50 16 20 6225 6225 2094 4400 4400 12 5 85
 17 15 2 150 50 33 3 15 5955 5955 1842 1350 1000 5 5 30
 26 24 4 40 160 10 4 50 6860 6860 10444 10255 9255 25 1 20
 18 16 2 26 24 12 2 20 4200 4200 1848 3860 2860 0 1 24
 17 17 0 21 2 10 1 17 2454 2454 270 2000 2000 15 2 30
 17 15 5 120 69 10 18 9 3559 930 4885 17348 721 100 5 18
 26 22 4 220 8 6 5 22 3035 3035 1022 3512 3512 0 4 0
 18 18 0 60 80 8 6 40 2051 2051 30996 13244 9544 0 0 6
 15 13 0 78 12 20 13 12 2307 2307 1466 13350 12850 2 5 16
 17 15 1 12 10 7 4 10 2693 2693 7800 3900 3900 2 2 36
 20 17 3 150 12 10 8 23 4431 4431 1856 7244 3320 50 0 98
 0 0 0 0 0 0 0 0 0 0 0 0 0 0 0 0
 20 20 1 45 6 6 20 9 6731 5074 4618 3720 2500 1 0 2
 15 13 4 300 200 12 2 19 2651 2620 1080 4000 3800 26 0 26
 17 17 4 70 20 10 3 40 3218 3218 1078 8000 8000 10 5 30
 7 7 3 51 4 4 1 7 1429 1902 108 6500 4000 3 0 19
 8 6 4 75 4 8 2 30 1780 2050 712 6628 6628 20 4 45
 8 8 1 32 24 4 4 13 2680 2397 1088 1174 840 12 1 12
 10 6 1 68 10 10 4 10 1450 1740 1303 6000 6000 8 3 18
 12 7 5 55 17 12 18 45 3273 3273 3938 7320 4000 1 4 4
 12 12 2 12 9 8 1 10 1300 1300 2460 2100 1510 1 0 18
 12 12 2 53 28 4 4 8 2454 2454 862 13000 8000 5 0 6
 16 15 2 26 25 5 6 10 3065 2399 1314 5000 4500 0 5 5
 15 13 2 97 20 13 5 11 2404 2404 3890 22663 21320 5 5 6
 19 19 5 36 12 18 5 26 4295 4609 3280 9800 9620 3 5 14
 16 16 5 28 6 7 1 66 4390 4520 1975 21060 13660 4 5 8
 18 16 1 18 16 16 3 0 5095 4865 9960 5300 4700 0 5 18
 7 6 5 55 128 22 30 15 2264 2264 100 2762 2218 1 5 99
 20 17 5 120 120 20 16 23 5994 5994 6990 4660 4500 100 3 100
 16 14 4 15 2 5 1 15 3538 3538 7330 4414 3980 14 1 2
 20 20 5 84 62 12 8 31 4090 3879 1961 3524 3194 25 5 35
 12 12 2 45 7 12 1 22 4664 5403 3320 4722 3700 0 4 6
 16 16 1 68 20 6 5 6 2230 2230 1526 4600 3400 20 4 40
 1 1 1 28 18 8 14 18 150 130 10000 2560 2560 5 0 1
 12 10 2 60 24 15 12 45 2000 2000 7000 4220 2282 7 5 100
 10 6 2 42 160 3 12 26 1131 1131 2304 2045 1300 45 4 1
 16 13 5 24 4 6 0 10 3816 3816 1659 2508 2508 0 5 90
 24 22 0 34 32 3 20 20 6207 6207 796 4506 3000 32 4 24
 19 11 0 68 5 4 4 14 4627 4627 3498 4500 3000 1 2 1
 24 12 2 160 180 8 12 30 5121 5121 4899 9596 6500 15 5 26
 21 15 4 10 50 7 1 26 4823 4823 1739 1570 1570 10 1 53
 9 4 5 85 40 6 3 9 983 983 662 8737 6176 2 2 14
 16 16 5 24 58 8 6 50 4565 5609 1473 7400 6800 5 5 17
 32 31 4 59 32 0 10 0 11470 12091 4906 10185 9800 0 5 0
 17 15 2 52 120 10 2 25 4696 4696 14003 6000 4000 2 2 64
 15 15 0 26 45 10 29 0 5904 5904 29819 14800 13260 0 5 12
 10 8 2 180 15 3 5 20 3790 3710 3497 2500 2500 2 0 13
 11 11 1 110 90 10 10 10 729 729 2400 36246 5100 2 5 5
 9 9 2 24 54 5 8 14 44297 44312 20050 44850 42000 0 0 16
 17 17 0 121 64 20 10 20 3328 3328 6930 5800 4100 0 5 28
 18 6 0 120 15 10 7 14 1570 1572 5090 60600 60200 2 5 45
 12 8 0 56 55 14 5 21 2550 2515 1384 2630 1973 0 5 5
 10 10 4 14 280 7 6 49 1923 1923 3519 2062 1600 48 3 7
 7 7 5 28 24 6 3 8 2432 1543 1000 700 500 6 5 8
 8 8 2 121 90 1 2 30 880 880 1922 2500 2000 10 2 13
 10 10 2 90 30 6 2 0 2327 2944 5145 3646 800 1 5 25
 8 8 2 18 6 1 2 10 1916 1916 2000 1300 1000 4 0 1
 17 16 3 29 20 5 2 40 3375 3538 3478 2300 1600 3 5 16
 9 9 2 16 23 7 23 25 1160 1160 170 2000 1700 0 5 23
 6 6 2 150 16 12 10 10 977 977 309 1720 1700 6 5 21
 9 9 5 340 140 42 45 12 1124 1124 1268 790 500 4 5 0
 13 11 0 20 36 16 2 18 1946 1946 301 435 180 11 1 17
 11 9 0 57 150 20 3 0 1468 1758 545 1000 850 0 0 0
 8 5 0 36 20 5 4 0 430 430 0 850 750 0 0 98
 1 1 5 22 8 0 2 30 200 180 278 2715 1229 8 2 15
 9 8 1 60 62 22 7 50 860 250 784 2200 2080 20 5 28
 6 3 2 75 210 4 2 30 914 914 3889 2300 1600 3 5 23
 9 5 0 42 320 1 12 0 1436 1600 3665 2095 1800 21 5 16
 6 5 0 81 8 3 5 0 511 531 0 230 200 0 0 3
 14 9 2 75 13 12 2 0 1780 1780 1600 1560 1400 1 1 42
 9 7 2 88 8 4 4 18 1581 1581 2008 2300 2300 4 0 8
 13 3 0 300 10 5 10 20 1380 1380 800 1000 400 0 0 0
 16 16 1 56 32 8 8 12 1120 1350 4000 2400 2000 0 3 3
 28 19 0 135 54 16 11 21 3551 3551 720 1200 1000 3 4 6
 15 14 0 200 50 18 15 29 2113 2113 1649 1400 1400 6 5 15
 25 15 0 32 35 10 12 15 2431 2431 1085 554 0 10 1 10
 4 3 1 12 5 8 4 8 1079 1079 230 650 600 2 3 1
 5 5 2 7 4 4 2 12 846 846 348 332 332 0 0 0
 10 10 2 45 22 6 3 8 1600 1600 5100 960 750 30 5 6
 11 11 1 45 12 20 6 11 2809 2809 1418 800 700 1 0 0
 7 1 1 30 10 4 2 12 1353 1265 1873 2109 2109 0 5 15
 21 7 0 18 12 6 2 0 645 645 100 70 0 0 4 2
 14 14 2 180 16 6 4 16 1695 2366 1524 5000 4000 14 4 24
 15 6 3 50 30 4 2 6 1783 2323 2052 600 600 2 5 5
 16 16 5 120 32 12 8 19 2714 2575 523 380 260 2 5 50
 14 9 5 25 25 8 4 1 1326 1326 336 140 0 0 0 0
 18 7 0 120 2 0 0 18 2640 2640 1410 333 150 2 2 0
 14 13 0 28 48 2 3 0 930 930 63 60 60 23 0 0
 13 12 4 55 10 8 2 0 2361 2529 2853 1200 1000 4 0 40
 32 31 5 63 48 5 3 270 18445 23234 8742 15700 13425 1 3 70
 17 17 0 365 18 12 12 17 3137 3137 124 1550 1240 2 5 100
 9 9 0 155 25 5 1 40 1670 1670 8586 5000 4000 1 0 22
 15 5 0 0 0 0 0 0 1952 2532 5332 6200 5750 0 0 0
 6 3 0 31 15 20 6 100 1080 1050 612 3500 2783 3 2 20
 4 3 2 120 5 9 3 5 870 870 0 1600 1500 26 5 26
 8 6 4 65 44 5 3 8 1494 1494 5021 3300 1152 3 0 100
 6 3 0 40 5 2 10 15 2640 2697 2348 300 250 5 5 80
 9 7 1 407 120 12 12 0 1950 1950 758 2200 2000 0 2 12
 15 12 2 60 10 6 7 14 4270 4270 3770 2200 500 1 0 15
 5 3 0 20 7 2 2 26 600 580 800 1400 1000 0 5 80
 3 2 2 57 18 5 1 7 469 469 1100 2400 2400 50 5 50
 14 14 0 268 20 22 24 23 1878 1898 1750 500 200 12 4 21
 3 3 0 42 16 3 11 10 200 200 1200 2600 2600 0 0 5
 23 8 2 11 112 6 0 0 2758 2840 1965 3541 970 0 5 32
 2 1 0 12 10 4 3 4 360 360 0 0 0 0 4 4
 1 1 2 136 12 12 12 0 400 360 200 380 300 30 5 50
 7 4 2 74 12 5 5 7 761 717 5056 3874 2896 2 5 23
 4 3 2 16 6 5 6 24 618 618 0 0 0 1 2 25
 8 7 0 19 20 0 6 10 700 720 5100 2800 2400 5 0 12
 3 0 2 156 6 2 4 56 280 280 2800 1500 1500 6 3 44
 18 14 4 323 128 12 2 9 3117 2609 1870 2586 1424 1 2 5
 7 4 2 36 43 7 6 8 1369 1441 1268 2100 1300 6 3 20
 6 0 1 22 48 0 0 6 250 250 2400 1700 1200 0 0 0
 9 7 4 35 90 6 4 22 950 950 320 2500 2500 6 5 8
 7 4 0 13 3 10 0 300 1641 1641 418 1518 1500 0 4 0
 27 27 2 86 6 5 6 0 4065 4218 7045 5108 4028 1 5 0
 7 4 2 40 18 15 10 8 1026 1015 3000 2150 2150 6 5 5
 3 3 2 11 5 11 5 0 913 913 240 695 150 0 0 2
 10 10 2 110 15 10 7 7 3069 3069 1202 1095 402 15 4 18
 10 8 0 20 4 2 1 0 1500 1300 1005 360 280 0 1 5
 12 11 0 16 12 5 10 12 1440 1440 65 750 750 0 2 21
 12 12 2 68 80 13 9 12 1701 1701 987 413 313 30 2 30
 3 3 4 7 48 3 2 4 921 921 170 2500 2500 3 0 27
 12 5 0 25 42 15 16 12 710 710 600 1700 800 1 3 20
 2 0 0 21 19 2 0 0 345 345 197 2600 500 1 0 16
 14 11 2 78 44 8 5 0 2224 2346 1103 2870 0 8 3 0
 9 9 5 90 200 10 20 0 1270 1270 2957 2200 2000 5 4 70
 7 6 2 93 104 10 12 40 2883 2850 2178 3500 3000 92 5 92
 14 12 3 32 60 19 16 17 2631 2631 1135 3200 2800 1 5 10
 9 9 2 112 57 6 5 23 1920 1940 2450 3200 2800 10 5 42
 12 10 12 92 88 12 4 0 2899 2899 693 3500 2580 1 5 6
 18 12 0 40 52 45 30 50 4628 4389 3500 2108 1500 0 0 65
 13 13 1 40 3 6 2 0 4209 4184 1142 1100 1000 6 3 0
 6 4 2 260 28 6 3 25 383 383 443 2100 1470 5 3 16
 11 7 0 120 100 5 2 0 1500 1600 10500 5300 5300 4 1 20
 15 11 1 64 93 4 3 18 2282 2282 2134 5078 2559 232 5 28
 10 9 7 35 350 6 12 30 1500 1300 15000 7346 7346 12 10 18
 7 7 2 65 0 0 0 0 1683 2047 1185 2205 1544 1 3 4
 2 0 1 35 35 2 2 20 200 197 14000 4148 3800 5 4 40
 9 8 2 30 26 5 3 16 1300 1562 1900 3200 2450 6 4 11
 10 8 2 28 8 8 6 26 1712 1842 1214 4178 3800 20 4 5
 17 13 0 32 24 6 1 25 3377 3240 5491 4100 2670 3 5 3
 10 8 0 35 22 13 4 0 1331 1229 1152 500 420 0 3 0
 12 9 1 190 12 12 6 30 1996 1996 1674 2100 1600 16 5 10
 15 14 1 20 10 8 6 6 660 660 105 2000 0 6 3 0
 16 16 0 6 29 7 4 23 2300 2134 301 2800 2000 2 4 1
 6 1 0 4 2 3 1 5 450 450 50 60 60 0 0 0
 8 8 0 43 21 8 6 25 1350 1351 1004 3500 3000 0 5 9
 29 24 2 150 40 30 30 23 3968 3698 7000 704 704 0 4 23
 14 10 5 50 24 8 5 0 1355 1355 1258 1336 1229 4 5 50
 6 4 1 50 35 0 0 12 1866 2536 953 1500 800 1 0 0
 8 8 0 35 9 1 2 20 1510 1922 1000 1600 1000 5 0 5
 11 6 5 96 11 12 10 12 1400 1300 500 5000 3500 5 3 11
 10 6 6 200 100 15 15 34 1650 1690 2636 3000 3000 1 2 18
 8 2 2 6 12 1 3 0 1067 732 885 3300 3130 0 3 4
 26 16 0 60 6 2 2 28 3596 4094 907 1382 1382 0 0 15
 12 12 0 79 28 8 5 9 2201 2201 1148 2012 1650 6 5 7


# name: train_data02
# type: matrix
# rows: 207
# columns: 17
 9 8 3 160 170 18 6 11 2586 2586 993 880 880 0 0 98 0
 24 15 5 320 17 18 8 24 7241 7596 5584 6600 6400 12 5 100 3
 17 12 3 330 50 4 150 20 7654 6604 684 6000 4000 1 2 40 3
 29 13 2 200 220 36 25 16 6820 6861 2740 17000 16000 0 10 10 3
 27 12 2 60 30 11 0 27 18806 18806 6140 42103 40940 0 5 100 3
 17 6 3 105 24 24 6 17 7704 7704 2576 6176 2285 3 3 72 0
 14 12 3 45 179 6 12 15 3866 3483 7093 4800 4400 15 0 98 3
 22 22 3 65 30 12 30 35 24083 24083 5309 5160 5160 10 4 10 3
 12 8 7 55 12 12 7 12 4581 4581 7164 20385 20184 7 5 16 2
 9 5 5 95 74 23 10 16 8137 8137 4270 9139 8562 3 5 27 3
 13 11 4 142 108 10 12 12 6961 6961 9917 2050 2050 1 0 14 1
 20 18 4 155 66 16 11 31 6793 6763 3581 8600 8600 6 1 6 3
 5 5 2 87 24 18 9 10 1711 1711 1550 10000 7500 0 5 19 3
 7 7 5 95 31 20 12 0 2879 2879 3190 8500 6100 0 5 6 3
 8 7 4 112 360 15 3 30 2717 2717 850 8000 4000 7 5 6 0
 10 5 4 51 56 12 11 0 2431 2431 664 7000 0 110 1 288 3
 36 14 12 29 32 29 12 14 7563 7561 19885 18420 13500 10 5 0 3
 31 24 5 400 156 7 4 24 10305 10305 6873 4169 4169 4 3 0 3
 21 12 2 93 116 30 17 26 6019 6019 0 13020 0 14 21 513 3
 9 4 1 70 12 8 20 6 1429 1429 20800 16500 1500 6 4 10 2
 8 4 2 81 310 5 15 8 1852 1852 205 14500 14500 20 0 19 0
 19 17 1 100 276 6 18 19 3685 3685 1940 3500 2300 8 5 3 3
 10 9 2 45 4 5 3 11 2473 2473 1226 9779 8958 8 5 15 2
 14 12 2 290 1160 16 10 73 2413 2572 11212 39355 33722 0 5 50 3
 16 8 3 15 4 5 4 5 2149 2149 2169 4000 3500 10 5 8 2
 21 13 2 130 14 50 18 10 2080 2113 3587 3000 1200 0 5 14 3
 27 21 2 120 120 12 40 20 5029 5029 1469 20000 16400 0 3 20 3
 4 1 2 16 10 2 6 10 310 310 500 4000 4000 10 0 15 2
 5 5 2 30 20 12 12 10 448 448 120 4600 4600 10 3 12 0
 6 6 2 165 120 6 35 13 3349 2830 2349 1930 1632 5 10 18 3
 7 7 8 60 24 12 21 22 3496 3496 1040 4944 4744 0 4 80 3
 0 0 0 0 0 0 0 0 0 0 0 0 0 0 0 0 3
 27 24 9 280 48 24 20 50 9096 9096 3331 7529 6529 1 4 75 3
 7 7 2 28 13 13 16 16 1132 1108 1016 2700 2600 1 17 124 3
 12 12 11 65 0 15 0 15 4225 4225 3194 6000 5000 2 1 18 3
 14 14 3 120 33 10 12 25 3613 3613 1393 5639 5639 5 6 20 3
 13 13 10 326 12 8 40 50 64300 4000 323 20000 18200 0 5 100 2
 26 18 0 70 26 27 20 0 12676 12676 3416 3000 2800 2 5 5 3
 6 6 2 220 300 30 21 6 570 570 100 5200 3449 10 4 0 3
 28 18 6 360 12 16 18 30 8871 9179 10605 13000 13000 23 11 332 3
 12 4 5 97 14 50 63 11 5500 7699 676 8000 7900 0 0 0 3
 14 14 8 426 45 10 5 0 4067 4067 3648 7600 7600 0 0 0 1
 68 46 4 330 300 20 8 40 10925 10803 3375 10000 7800 1 8 15 3
 66 37 1 300 228 2 240 61 19379 18923 10823 7600 5000 2 1 100 3
 22 19 8 312 150 10 85 55 10702 10702 6222 6726 5719 1 1 853 3
 21 15 2 150 110 2 30 52 10087 10087 6408 4846 4846 1 1 98 3
 12 10 0 33 12 10 154 15 3694 3692 1557 2600 1200 1 5 100 0
 10 4 2 62 10 3 7 9 2423 2423 1702 1296 760 5 5 5 1
 19 18 4 72 180 10 6 35 5276 5276 3471 19830 19830 0 5 8 3
 29 23 5 230 175 40 160 60 15221 15221 5454 19530 19530 0 0 38 2
 18 18 5 300 36 50 16 20 6225 6225 2094 4400 4400 12 5 85 2
 17 15 2 150 50 33 3 15 5955 5955 1842 1350 1000 5 5 30 3
 26 24 4 40 160 10 4 50 6860 6860 10444 10255 9255 25 1 20 3
 18 16 2 26 24 12 2 20 4200 4200 1848 3860 2860 0 1 24 3
 17 17 0 21 2 10 1 17 2454 2454 270 2000 2000 15 2 30 3
 17 15 5 120 69 10 18 9 3559 930 4885 17348 721 100 5 18 3
 26 22 4 220 8 6 5 22 3035 3035 1022 3512 3512 0 4 0 3
 18 18 0 60 80 8 6 40 2051 2051 30996 13244 9544 0 0 6 3
 15 13 0 78 12 20 13 12 2307 2307 1466 13350 12850 2 5 16 3
 17 15 1 12 10 7 4 10 2693 2693 7800 3900 3900 2 2 36 3
 20 17 3 150 12 10 8 23 4431 4431 1856 7244 3320 50 0 98 3
 0 0 0 0 0 0 0 0 0 0 0 0 0 0 0 0 1
 20 20 1 45 6 6 20 9 6731 5074 4618 3720 2500 1 0 2 2
 15 13 4 300 200 12 2 19 2651 2620 1080 4000 3800 26 0 26 0
 17 17 4 70 20 10 3 40 3218 3218 1078 8000 8000 10 5 30 1
 7 7 3 51 4 4 1 7 1429 1902 108 6500 4000 3 0 19 3
 8 6 4 75 4 8 2 30 1780 2050 712 6628 6628 20 4 45 3
 8 8 1 32 24 4 4 13 2680 2397 1088 1174 840 12 1 12 1
 10 6 1 68 10 10 4 10 1450 1740 1303 6000 6000 8 3 18 0
 12 7 5 55 17 12 18 45 3273 3273 3938 7320 4000 1 4 4 3
 12 12 2 12 9 8 1 10 1300 1300 2460 2100 1510 1 0 18 2
 12 12 2 53 28 4 4 8 2454 2454 862 13000 8000 5 0 6 2
 16 15 2 26 25 5 6 10 3065 2399 1314 5000 4500 0 5 5 3
 15 13 2 97 20 13 5 11 2404 2404 3890 22663 21320 5 5 6 3
 19 19 5 36 12 18 5 26 4295 4609 3280 9800 9620 3 5 14 3
 16 16 5 28 6 7 1 66 4390 4520 1975 21060 13660 4 5 8 3
 18 16 1 18 16 16 3 0 5095 4865 9960 5300 4700 0 5 18 3
 7 6 5 55 128 22 30 15 2264 2264 100 2762 2218 1 5 99 2
 20 17 5 120 120 20 16 23 5994 5994 6990 4660 4500 100 3 100 3
 16 14 4 15 2 5 1 15 3538 3538 7330 4414 3980 14 1 2 3
 20 20 5 84 62 12 8 31 4090 3879 1961 3524 3194 25 5 35 0
 12 12 2 45 7 12 1 22 4664 5403 3320 4722 3700 0 4 6 1
 16 16 1 68 20 6 5 6 2230 2230 1526 4600 3400 20 4 40 3
 1 1 1 28 18 8 14 18 150 130 10000 2560 2560 5 0 1 2
 12 10 2 60 24 15 12 45 2000 2000 7000 4220 2282 7 5 100 2
 10 6 2 42 160 3 12 26 1131 1131 2304 2045 1300 45 4 1 3
 16 13 5 24 4 6 0 10 3816 3816 1659 2508 2508 0 5 90 3
 24 22 0 34 32 3 20 20 6207 6207 796 4506 3000 32 4 24 3
 19 11 0 68 5 4 4 14 4627 4627 3498 4500 3000 1 2 1 3
 24 12 2 160 180 8 12 30 5121 5121 4899 9596 6500 15 5 26 1
 21 15 4 10 50 7 1 26 4823 4823 1739 1570 1570 10 1 53 3
 9 4 5 85 40 6 3 9 983 983 662 8737 6176 2 2 14 3
 16 16 5 24 58 8 6 50 4565 5609 1473 7400 6800 5 5 17 3
 32 31 4 59 32 0 10 0 11470 12091 4906 10185 9800 0 5 0 3
 17 15 2 52 120 10 2 25 4696 4696 14003 6000 4000 2 2 64 3
 15 15 0 26 45 10 29 0 5904 5904 29819 14800 13260 0 5 12 3
 10 8 2 180 15 3 5 20 3790 3710 3497 2500 2500 2 0 13 0
 11 11 1 110 90 10 10 10 729 729 2400 36246 5100 2 5 5 1
 9 9 2 24 54 5 8 14 44297 44312 20050 44850 42000 0 0 16 3
 17 17 0 121 64 20 10 20 3328 3328 6930 5800 4100 0 5 28 3
 18 6 0 120 15 10 7 14 1570 1572 5090 60600 60200 2 5 45 3
 12 8 0 56 55 14 5 21 2550 2515 1384 2630 1973 0 5 5 3
 10 10 4 14 280 7 6 49 1923 1923 3519 2062 1600 48 3 7 2
 7 7 5 28 24 6 3 8 2432 1543 1000 700 500 6 5 8 0
 8 8 2 121 90 1 2 30 880 880 1922 2500 2000 10 2 13 0
 10 10 2 90 30 6 2 0 2327 2944 5145 3646 800 1 5 25 0
 8 8 2 18 6 1 2 10 1916 1916 2000 1300 1000 4 0 1 0
 17 16 3 29 20 5 2 40 3375 3538 3478 2300 1600 3 5 16 2
 9 9 2 16 23 7 23 25 1160 1160 170 2000 1700 0 5 23 0
 6 6 2 150 16 12 10 10 977 977 309 1720 1700 6 5 21 0
 9 9 5 340 140 42 45 12 1124 1124 1268 790 500 4 5 0 0
 13 11 0 20 36 16 2 18 1946 1946 301 435 180 11 1 17 0
 11 9 0 57 150 20 3 0 1468 1758 545 1000 850 0 0 0 2
 8 5 0 36 20 5 4 0 430 430 0 850 750 0 0 98 2
 1 1 5 22 8 0 2 30 200 180 278 2715 1229 8 2 15 2
 9 8 1 60 62 22 7 50 860 250 784 2200 2080 20 5 28 0
 6 3 2 75 210 4 2 30 914 914 3889 2300 1600 3 5 23 0
 9 5 0 42 320 1 12 0 1436 1600 3665 2095 1800 21 5 16 2
 6 5 0 81 8 3 5 0 511 531 0 230 200 0 0 3 0
 14 9 2 75 13 12 2 0 1780 1780 1600 1560 1400 1 1 42 1
 9 7 2 88 8 4 4 18 1581 1581 2008 2300 2300 4 0 8 1
 13 3 0 300 10 5 10 20 1380 1380 800 1000 400 0 0 0 1
 16 16 1 56 32 8 8 12 1120 1350 4000 2400 2000 0 3 3 2
 28 19 0 135 54 16 11 21 3551 3551 720 1200 1000 3 4 6 1
 15 14 0 200 50 18 15 29 2113 2113 1649 1400 1400 6 5 15 1
 25 15 0 32 35 10 12 15 2431 2431 1085 554 0 10 1 10 0
 4 3 1 12 5 8 4 8 1079 1079 230 650 600 2 3 1 1
 5 5 2 7 4 4 2 12 846 846 348 332 332 0 0 0 0
 10 10 2 45 22 6 3 8 1600 1600 5100 960 750 30 5 6 0
 11 11 1 45 12 20 6 11 2809 2809 1418 800 700 1 0 0 2
 7 1 1 30 10 4 2 12 1353 1265 1873 2109 2109 0 5 15 2
 21 7 0 18 12 6 2 0 645 645 100 70 0 0 4 2 0
 14 14 2 180 16 6 4 16 1695 2366 1524 5000 4000 14 4 24 2
 15 6 3 50 30 4 2 6 1783 2323 2052 600 600 2 5 5 0
 16 16 5 120 32 12 8 19 2714 2575 523 380 260 2 5 50 0
 14 9 5 25 25 8 4 1 1326 1326 336 140 0 0 0 0 0
 18 7 0 120 2 0 0 18 2640 2640 1410 333 150 2 2 0 0
 14 13 0 28 48 2 3 0 930 930 63 60 60 23 0 0 0
 13 12 4 55 10 8 2 0 2361 2529 2853 1200 1000 4 0 40 1
 32 31 5 63 48 5 3 270 18445 23234 8742 15700 13425 1 3 70 3
 17 17 0 365 18 12 12 17 3137 3137 124 1550 1240 2 5 100 1
 9 9 0 155 25 5 1 40 1670 1670 8586 5000 4000 1 0 22 2
 15 5 0 0 0 0 0 0 1952 2532 5332 6200 5750 0 0 0 1
 6 3 0 31 15 20 6 100 1080 1050 612 3500 2783 3 2 20 1
 4 3 2 120 5 9 3 5 870 870 0 1600 1500 26 5 26 1
 8 6 4 65 44 5 3 8 1494 1494 5021 3300 1152 3 0 100 2
 6 3 0 40 5 2 10 15 2640 2697 2348 300 250 5 5 80 1
 9 7 1 407 120 12 12 0 1950 1950 758 2200 2000 0 2 12 1
 15 12 2 60 10 6 7 14 4270 4270 3770 2200 500 1 0 15 1
 5 3 0 20 7 2 2 26 600 580 800 1400 1000 0 5 80 1
 3 2 2 57 18 5 1 7 469 469 1100 2400 2400 50 5 50 2
 14 14 0 268 20 22 24 23 1878 1898 1750 500 200 12 4 21 0
 3 3 0 42 16 3 11 10 200 200 1200 2600 2600 0 0 5 0
 23 8 2 11 112 6 0 0 2758 2840 1965 3541 970 0 5 32 1
 2 1 0 12 10 4 3 4 360 360 0 0 0 0 4 4 0
 1 1 2 136 12 12 12 0 400 360 200 380 300 30 5 50 0
 7 4 2 74 12 5 5 7 761 717 5056 3874 2896 2 5 23 3
 4 3 2 16 6 5 6 24 618 618 0 0 0 1 2 25 0
 8 7 0 19 20 0 6 10 700 720 5100 2800 2400 5 0 12 0
 3 0 2 156 6 2 4 56 280 280 2800 1500 1500 6 3 44 2
 18 14 4 323 128 12 2 9 3117 2609 1870 2586 1424 1 2 5 1
 7 4 2 36 43 7 6 8 1369 1441 1268 2100 1300 6 3 20 1
 6 0 1 22 48 0 0 6 250 250 2400 1700 1200 0 0 0 2
 9 7 4 35 90 6 4 22 950 950 320 2500 2500 6 5 8 3
 7 4 0 13 3 10 0 300 1641 1641 418 1518 1500 0 4 0 1
 27 27 2 86 6 5 6 0 4065 4218 7045 5108 4028 1 5 0 3
 7 4 2 40 18 15 10 8 1026 1015 3000 2150 2150 6 5 5 1
 3 3 2 11 5 11 5 0 913 913 240 695 150 0 0 2 2
 10 10 2 110 15 10 7 7 3069 3069 1202 1095 402 15 4 18 0
 10 8 0 20 4 2 1 0 1500 1300 1005 360 280 0 1 5 0
 12 11 0 16 12 5 10 12 1440 1440 65 750 750 0 2 21 0
 12 12 2 68 80 13 9 12 1701 1701 987 413 313 30 2 30 0
 3 3 4 7 48 3 2 4 921 921 170 2500 2500 3 0 27 1
 12 5 0 25 42 15 16 12 710 710 600 1700 800 1 3 20 1
 2 0 0 21 19 2 0 0 345 345 197 2600 500 1 0 16 0
 14 11 2 78 44 8 5 0 2224 2346 1103 2870 0 8 3 0 3
 9 9 5 90 200 10 20 0 1270 1270 2957 2200 2000 5 4 70 3
 7 6 2 93 104 10 12 40 2883 2850 2178 3500 3000 92 5 92 3
 14 12 3 32 60 19 16 17 2631 2631 1135 3200 2800 1 5 10 3
 9 9 2 112 57 6 5 23 1920 1940 2450 3200 2800 10 5 42 3
 12 10 12 92 88 12 4 0 2899 2899 693 3500 2580 1 5 6 2
 18 12 0 40 52 45 30 50 4628 4389 3500 2108 1500 0 0 65 2
 13 13 1 40 3 6 2 0 4209 4184 1142 1100 1000 6 3 0 1
 6 4 2 260 28 6 3 25 383 383 443 2100 1470 5 3 16 2
 11 7 0 120 100 5 2 0 1500 1600 10500 5300 5300 4 1 20 3
 15 11 1 64 93 4 3 18 2282 2282 2134 5078 2559 232 5 28 3
 10 9 7 35 350 6 12 30 1500 1300 15000 7346 7346 12 10 18 1
 7 7 2 65 0 0 0 0 1683 2047 1185 2205 1544 1 3 4 0
 2 0 1 35 35 2 2 20 200 197 14000 4148 3800 5 4 40 0
 9 8 2 30 26 5 3 16 1300 1562 1900 3200 2450 6 4 11 1
 10 8 2 28 8 8 6 26 1712 1842 1214 4178 3800 20 4 5 3
 17 13 0 32 24 6 1 25 3377 3240 5491 4100 2670 3 5 3 2
 10 8 0 35 22 13 4 0 1331 1229 1152 500 420 0 3 0 0
 12 9 1 190 12 12 6 30 1996 1996 1674 2100 1600 16 5 10 2
 15 14 1 20 10 8 6 6 660 660 105 2000 0 6 3 0 0
 16 16 0 6 29 7 4 23 2300 2134 301 2800 2000 2 4 1 1
 6 1 0 4 2 3 1 5 450 450 50 60 60 0 0 0 0
 8 8 0 43 21 8 6 25 1350 1351 1004 3500 3000 0 5 9 3
 29 24 2 150 40 30 30 23 3968 3698 7000 704 704 0 4 23 0
 14 10 5 50 24 8 5 0 1355 1355 1258 1336 1229 4 5 50 0
 6 4 1 50 35 0 0 12 1866 2536 953 1500 800 1 0 0 1
 8 8 0 35 9 1 2 20 1510 1922 1000 1600 1000 5 0 5 2
 11 6 5 96 11 12 10 12 1400 1300 500 5000 3500 5 3 11 3
 10 6 6 200 100 15 15 34 1650 1690 2636 3000 3000 1 2 18 3
 8 2 2 6 12 1 3 0 1067 732 885 3300 3130 0 3 4 3
 26 16 0 60 6 2 2 28 3596 4094 907 1382 1382 0 0 15 3
 12 12 0 79 28 8 5 9 2201 2201 1148 2012 1650 6 5 7 2


